5
5
/home/oceane/Documents/Etudes/PR/Dessins3/20190111_002844_01.jpg
235 229 221
241 237 229
243 240 234
225 214 205
231 224 216
250 247 237
242 239 233
251 250 242
236 229 222
193 186 188
247 243 238
234 222 209
222 211 200
239 232 223
254 251 238
246 243 235
248 246 238
252 251 242
252 247 238
212 206 206
221 216 216
249 247 241
237 228 220
182 174 173
190 183 183
245 240 234
242 229 214
238 226 212
242 231 218
248 240 230
254 251 238
252 250 239
249 246 237
251 250 241
253 252 242
252 248 239
224 218 217
234 229 228
235 230 229
252 250 243
254 247 237
214 207 204
185 179 182
227 221 218
249 245 239
238 227 217
190 181 178
188 179 177
205 198 195
245 240 233
241 228 211
242 230 214
244 231 216
247 237 224
248 240 229
/home/oceane/Documents/Etudes/PR/Dessins3/20190111_002844.jpg
186 180 174
201 197 192
178 172 166
196 191 186
167 159 152
212 208 202
200 196 192
182 177 170
199 195 190
152 146 148
163 155 147
206 201 193
187 181 175
169 160 150
215 210 203
205 202 197
195 191 187
188 182 174
207 202 197
178 172 173
150 144 144
179 170 161
204 199 192
169 163 164
141 135 135
172 163 152
210 205 195
203 198 192
181 174 167
174 164 152
217 212 204
209 206 201
202 198 193
193 188 183
188 182 173
213 208 201
189 185 184
183 177 175
161 155 153
183 175 166
208 203 196
188 184 183
146 140 143
144 137 135
176 167 155
211 206 198
179 173 173
171 165 163
144 137 135
174 164 153
210 205 195
205 200 193
201 195 187
176 168 160
173 163 150
/home/oceane/Documents/Etudes/PR/Dessins3/20190111_002937_01.jpg
212 206 199
243 236 227
233 227 219
194 187 181
180 172 169
249 242 231
247 241 232
247 242 231
227 219 212
203 197 196
180 172 170
176 168 162
205 197 190
179 172 168
251 244 230
247 241 231
247 242 231
247 243 231
240 232 223
233 228 224
210 204 203
226 219 210
223 215 207
193 187 187
160 155 157
171 164 163
175 167 161
186 178 171
205 197 189
182 174 168
252 244 230
250 243 231
249 243 231
248 243 231
245 242 230
245 237 227
238 232 227
238 232 227
230 225 220
252 246 234
236 226 216
213 206 204
221 215 213
144 137 141
193 184 178
198 190 184
179 173 172
172 166 167
152 147 149
182 176 175
186 177 169
183 175 167
217 209 198
197 190 182
190 181 173
/home/oceane/Documents/Etudes/PR/Dessins3/20190111_002937.jpg
162 157 152
183 178 172
133 128 125
189 183 176
144 138 134
196 192 183
139 133 131
131 126 123
194 189 182
156 151 151
148 143 137
195 189 180
172 166 161
129 123 119
199 194 185
175 169 163
130 124 123
132 126 122
196 191 183
162 157 157
123 118 120
149 143 136
194 189 181
180 176 173
146 141 141
135 130 124
197 190 180
184 178 171
166 159 154
127 121 116
200 196 187
197 191 182
148 141 137
134 130 129
136 130 124
198 192 183
177 173 170
113 108 111
117 112 114
144 138 132
197 191 183
185 181 177
168 164 162
130 125 126
155 148 140
197 191 181
184 179 176
163 158 156
135 131 130
133 127 122
198 191 180
189 183 175
178 170 163
147 141 136
133 127 120
/home/oceane/Documents/Etudes/PR/Dessins3/20190111_002953_01.jpg
229 222 215
239 234 227
239 235 229
214 205 198
221 214 208
248 243 233
241 237 232
249 246 237
231 223 216
197 192 193
235 228 222
212 202 192
216 208 201
227 220 211
254 249 237
244 240 233
246 242 235
254 252 242
248 241 233
211 205 206
203 196 199
254 248 240
237 227 217
193 187 187
177 171 173
237 231 224
203 192 182
225 215 205
246 237 227
226 218 208
254 249 236
253 250 240
250 246 238
254 251 242
254 253 242
254 248 237
214 208 209
234 228 228
215 209 210
254 250 240
254 245 233
208 202 201
186 180 182
205 198 198
254 247 236
226 215 205
203 195 192
181 176 177
202 197 197
227 221 215
193 182 172
225 215 202
244 235 224
246 237 226
223 214 203
/home/oceane/Documents/Etudes/PR/Dessins3/20190111_002953.jpg
178 172 167
194 189 184
167 161 156
191 186 180
161 154 148
206 201 195
185 179 174
168 162 156
193 188 184
153 149 150
160 154 149
200 194 186
180 174 169
157 149 141
214 209 202
203 198 191
183 177 172
166 159 152
200 195 190
157 152 154
137 132 134
181 175 167
197 192 187
164 159 160
149 144 144
166 159 150
207 201 191
196 190 183
180 173 165
149 141 133
217 212 203
207 202 194
200 194 186
171 166 161
162 155 147
209 205 198
167 162 163
162 156 156
153 149 149
182 175 166
204 200 193
182 178 177
146 141 143
139 135 136
178 171 162
207 202 194
165 160 161
164 159 158
154 148 146
166 158 148
208 201 190
202 196 188
197 190 181
168 160 153
141 133 125
/home/oceane/Documents/Etudes/PR/Dessins3/20190111_003112_01.jpg
232 226 220
243 238 229
241 239 233
216 208 201
228 221 216
254 249 237
248 245 237
250 249 240
214 207 203
200 194 195
226 221 218
216 208 199
246 238 228
234 227 221
254 248 235
254 251 240
252 250 241
253 253 244
237 231 223
226 221 219
216 211 211
244 241 235
209 202 198
207 201 199
203 196 196
218 214 212
201 193 184
246 237 225
245 236 226
247 239 230
254 248 234
254 251 238
254 252 240
254 253 242
253 254 244
254 248 237
248 244 239
238 234 231
224 219 218
249 248 240
208 201 196
203 198 197
183 176 178
196 189 190
251 249 241
221 213 208
229 222 216
226 219 215
229 223 219
204 199 200
187 179 171
240 229 216
249 240 228
241 233 224
250 242 231
/home/oceane/Documents/Etudes/PR/Dessins3/20190111_003112.jpg
185 180 174
202 198 193
177 172 168
196 191 184
164 158 153
213 209 203
186 180 178
179 174 169
204 200 194
160 154 155
189 182 174
205 200 190
169 163 160
161 154 148
219 215 208
206 201 196
175 171 169
187 182 175
210 206 199
174 169 169
160 154 154
188 181 174
209 205 196
182 178 176
163 158 157
185 177 168
205 198 188
189 183 177
161 155 152
148 141 135
222 218 210
213 208 202
210 206 200
159 155 155
190 184 175
215 211 203
181 177 176
157 151 152
180 174 172
184 178 171
211 207 198
192 188 185
146 140 142
176 171 168
189 182 172
210 205 195
200 196 193
163 158 158
177 172 168
177 169 159
203 197 186
204 197 189
163 157 153
166 160 156
138 131 125
/home/oceane/Documents/Etudes/PR/Dessins3/20190111_003125_01.jpg
225 218 212
223 215 208
233 227 222
218 210 202
227 220 215
241 233 222
218 212 208
241 237 230
216 207 201
200 194 193
232 226 221
214 204 194
239 231 223
226 220 214
251 242 229
230 224 217
228 222 216
253 250 241
225 217 209
185 178 179
209 202 202
241 235 229
227 217 208
200 194 192
213 206 203
235 229 225
210 200 189
236 228 218
242 235 225
219 212 206
250 242 227
250 244 233
242 237 229
247 242 235
254 251 240
247 239 228
172 164 165
205 197 197
191 183 184
253 248 241
241 232 221
179 172 172
201 195 194
203 196 196
253 247 239
209 199 192
221 213 208
220 213 209
241 234 228
218 213 210
209 199 187
232 223 211
239 231 222
241 233 224
215 208 201
/home/oceane/Documents/Etudes/PR/Dessins3/20190111_003125.jpg
171 165 160
184 179 175
170 164 160
171 165 159
159 153 147
193 189 184
181 176 173
167 162 157
169 165 161
153 148 148
174 168 162
184 178 169
163 157 152
153 146 139
205 201 194
192 187 182
179 175 172
161 155 151
177 173 168
162 156 156
161 156 154
177 171 164
179 174 168
143 137 138
150 145 144
169 163 155
190 184 173
171 165 159
168 161 154
149 142 134
208 204 196
203 199 193
200 195 189
163 159 157
159 153 147
193 189 184
148 142 143
157 151 151
181 176 172
175 170 163
187 183 177
157 151 151
155 151 150
163 158 155
172 166 159
194 189 180
133 127 128
139 133 133
162 156 152
165 158 149
189 182 171
187 181 172
181 174 166
153 145 140
148 141 132
/home/oceane/Documents/Etudes/PR/Dessins3/20190111_blanc_01.jpg
255 255 254
255 255 254
255 255 254
255 255 254
255 255 254
255 255 254
255 255 254
255 255 254
255 255 254
255 255 253
255 255 254
255 255 254
255 255 254
255 255 254
255 255 254
255 255 254
255 255 254
255 255 254
255 255 255
255 255 254
255 255 254
255 255 254
255 255 255
255 255 254
255 255 254
255 255 254
255 255 254
255 255 254
255 255 254
255 255 254
255 255 254
255 255 254
255 255 254
255 255 254
255 255 254
255 255 254
255 255 254
255 255 254
255 255 254
255 255 254
255 255 255
255 255 254
255 255 253
255 255 254
255 255 255
255 255 254
255 255 254
255 255 254
255 255 254
255 255 254
255 255 254
255 255 254
255 255 254
255 255 254
255 255 254
/home/oceane/Documents/Etudes/PR/Dessins3/20190111_blanc.jpg
251 251 244
251 251 244
251 251 244
251 251 244
251 251 244
250 250 243
252 252 244
250 250 243
252 252 244
253 252 242
252 252 245
250 250 243
252 252 245
250 250 243
249 249 242
252 252 244
252 252 244
249 249 242
252 252 244
253 252 244
253 252 244
252 252 244
252 252 244
253 252 244
253 252 244
252 252 244
249 249 242
252 252 244
252 252 244
249 249 242
248 248 242
251 251 244
252 252 244
251 251 244
248 248 242
251 251 244
252 252 245
252 252 244
252 252 245
251 251 244
252 252 244
253 252 244
253 252 241
253 252 244
252 252 244
251 251 244
252 252 245
253 252 244
252 252 245
251 251 244
248 248 242
251 251 244
252 252 244
251 251 244
248 248 242
/home/oceane/Documents/Etudes/PR/Dessins3/20190113_190516_01.jpg
214 208 202
224 218 212
209 205 200
217 209 201
206 199 194
240 234 224
193 188 185
207 204 199
245 239 232
195 188 188
231 227 222
222 213 203
185 177 171
207 200 193
247 241 229
205 201 195
192 187 183
219 215 207
248 243 234
195 190 189
186 179 179
240 238 232
248 240 231
204 199 198
206 200 200
223 218 214
221 211 200
196 186 177
175 166 161
220 212 202
245 239 227
225 220 210
195 190 184
173 167 163
238 235 225
248 242 233
207 202 198
206 202 200
180 175 175
240 238 232
249 242 232
223 218 215
188 182 183
203 196 196
248 245 240
246 238 228
211 205 202
180 175 175
212 207 205
220 214 209
219 209 198
202 191 181
171 160 153
189 179 172
231 223 211
/home/oceane/Documents/Etudes/PR/Dessins3/20190113_190516.jpg
163 158 153
165 161 158
156 150 147
170 166 160
161 154 149
167 163 159
182 178 175
157 151 146
146 143 140
146 141 141
137 130 126
182 178 170
184 179 174
163 156 148
178 175 169
194 191 186
175 171 168
166 160 152
146 142 139
142 136 137
152 148 147
129 123 119
157 153 149
148 144 143
152 148 147
144 137 130
186 181 172
188 183 177
185 179 172
161 154 146
194 191 184
195 193 188
200 197 193
172 167 163
175 168 159
134 130 127
138 134 134
153 148 148
156 152 151
139 132 126
147 143 139
155 152 151
142 137 138
134 129 129
127 119 113
174 169 162
159 155 152
169 164 163
157 152 150
148 140 132
183 179 169
187 183 176
188 182 175
182 176 168
159 152 144
/home/oceane/Documents/Etudes/PR/Dessins3/20190113_232319_01.jpg
234 229 219
242 240 232
240 237 227
230 224 214
223 214 202
251 250 239
241 239 230
250 247 234
246 244 236
191 186 186
235 229 220
238 232 221
220 211 198
232 222 206
252 251 239
248 246 236
246 243 232
254 251 236
249 247 238
220 216 214
211 206 204
251 247 236
244 241 233
188 183 181
180 174 171
236 228 217
246 241 228
241 232 217
236 226 209
240 230 212
252 252 239
251 250 238
249 247 235
252 250 236
254 252 235
251 251 241
234 231 227
233 230 226
223 219 215
252 248 237
248 246 236
226 221 216
184 179 180
212 207 203
254 247 234
243 240 232
203 198 193
187 179 174
188 181 175
236 227 215
247 241 227
245 237 222
242 232 214
240 230 212
239 229 209
/home/oceane/Documents/Etudes/PR/Dessins3/20190113_232319.jpg
184 180 172
199 197 190
195 191 184
176 172 165
166 159 150
210 208 199
198 195 188
204 201 191
198 196 190
150 146 146
186 181 174
181 177 168
162 155 145
168 160 148
213 211 201
205 203 194
202 199 190
208 205 193
204 202 195
176 173 171
167 163 162
202 198 190
194 191 185
148 144 142
140 135 133
180 174 165
187 183 172
177 170 159
171 163 151
172 164 151
215 212 202
211 208 199
206 203 194
209 206 195
209 205 193
208 206 199
188 185 182
186 183 180
177 173 171
203 200 192
200 198 191
181 177 173
144 140 141
169 165 161
201 195 185
191 188 182
159 155 151
142 137 133
143 137 133
175 167 158
187 182 171
182 175 164
174 167 153
172 164 151
171 163 148
/home/oceane/Documents/Etudes/PR/Dessins3/20190113_232346_01.jpg
227 221 210
232 228 220
228 221 211
227 222 210
219 211 198
247 244 233
217 212 205
238 230 217
238 234 226
208 203 198
233 226 216
225 220 206
220 213 200
214 204 188
250 247 234
228 224 215
229 224 213
248 241 226
245 241 232
206 201 198
191 185 182
243 235 224
233 229 220
229 224 217
222 217 208
229 221 210
224 218 202
223 216 201
217 209 195
209 197 179
251 248 234
241 238 227
225 220 210
243 237 222
249 242 225
248 244 234
222 218 213
203 199 196
202 196 191
247 238 226
239 236 226
227 223 217
197 192 187
221 216 208
241 233 221
233 229 218
223 218 210
224 219 210
219 213 204
229 220 206
226 220 203
219 213 198
220 212 196
213 204 190
203 191 171
/home/oceane/Documents/Etudes/PR/Dessins3/20190113_232346.jpg
166 161 153
176 173 167
170 166 158
162 158 149
155 149 139
190 187 179
162 159 153
179 173 163
176 173 167
154 150 147
170 165 157
159 155 144
155 150 140
148 141 129
195 192 182
171 168 161
172 168 160
187 181 169
185 182 175
154 150 148
144 139 137
179 174 165
169 166 159
167 163 158
162 158 151
163 157 148
157 152 141
156 151 139
151 146 135
144 136 122
197 194 183
183 181 172
168 165 157
183 179 168
187 181 169
189 186 178
166 163 160
151 148 146
151 147 143
183 177 168
178 175 168
168 165 160
148 144 140
164 159 153
174 169 159
167 164 156
160 157 151
162 158 151
157 153 146
160 153 143
158 153 140
153 149 137
153 147 135
148 142 130
140 131 116
/home/oceane/Documents/Etudes/PR/Dessins3/20190113_232438_01.jpg
211 206 197
231 227 217
242 237 225
178 173 167
193 187 179
246 242 229
245 242 230
249 243 229
178 173 167
201 197 194
226 220 210
177 172 165
203 197 188
174 168 160
246 243 229
246 242 229
246 242 229
251 244 228
225 219 208
208 205 201
232 228 222
239 233 221
170 165 161
158 155 155
191 188 185
222 215 205
180 174 166
203 197 186
184 178 169
174 167 158
245 243 228
247 243 229
248 243 229
249 244 229
252 245 228
251 246 232
228 225 218
236 233 226
236 233 225
244 237 224
192 184 176
142 137 139
219 216 211
211 207 202
234 227 214
180 176 172
150 147 147
170 166 164
177 173 170
196 190 182
188 181 171
196 190 180
216 209 195
181 175 165
184 177 166
/home/oceane/Documents/Etudes/PR/Dessins3/20190113_232438.jpg
161 157 150
181 178 170
187 183 174
132 128 123
142 138 132
195 192 181
192 189 180
194 189 178
138 133 129
154 151 149
170 166 158
129 126 121
147 143 136
128 123 117
197 194 183
194 191 181
192 189 179
196 190 178
174 170 161
160 157 155
179 176 171
183 178 169
128 124 121
121 118 119
144 141 139
165 159 152
130 126 120
147 143 134
134 130 122
126 121 114
198 196 184
196 192 181
195 192 181
195 191 180
196 191 178
195 192 180
176 173 168
183 181 175
182 180 174
188 183 173
147 141 135
111 108 109
167 164 161
161 158 154
176 170 161
133 130 127
115 112 112
128 125 124
134 131 129
146 141 134
135 130 122
142 138 130
153 148 138
132 127 120
132 127 118
/home/oceane/Documents/Etudes/PR/Dessins3/20190113_232458_01.jpg
227 222 213
238 235 227
238 234 225
220 214 206
213 206 196
248 246 235
240 237 229
247 243 230
234 229 220
196 192 191
230 224 214
226 220 210
214 209 200
210 202 190
254 252 240
245 243 233
243 240 230
254 250 234
253 249 237
201 197 196
209 205 203
247 242 230
236 231 222
175 171 171
191 187 185
236 227 215
224 218 206
244 237 225
223 216 203
201 193 180
254 253 240
253 251 239
249 247 235
252 250 237
254 250 233
254 250 238
214 210 208
232 229 225
212 208 207
253 248 235
253 247 235
204 199 196
185 180 180
207 203 198
253 246 231
226 221 213
200 197 195
180 176 174
201 195 190
224 215 203
221 214 201
245 238 224
242 235 222
223 216 200
191 183 169
/home/oceane/Documents/Etudes/PR/Dessins3/20190113_232458.jpg
177 172 165
192 189 182
189 186 178
165 161 155
160 154 146
205 201 193
191 188 182
199 194 184
183 179 173
152 149 148
179 174 166
167 162 154
159 154 148
155 149 139
213 209 199
198 195 188
195 192 185
206 201 189
202 198 189
156 152 152
163 159 158
194 190 181
181 177 170
136 132 132
147 144 142
179 173 163
164 159 151
180 175 165
164 159 149
148 141 131
215 212 201
208 205 196
202 200 191
205 202 192
206 201 188
205 202 192
165 162 161
181 178 175
163 160 159
201 196 186
199 194 184
160 156 154
145 141 141
162 159 156
196 190 179
169 166 160
152 149 147
138 135 134
152 148 143
167 160 151
161 155 146
181 175 165
176 171 161
164 158 147
139 133 123
/home/oceane/Documents/Etudes/PR/Dessins3/20190113_232519_01.jpg
231 227 218
241 239 230
242 238 227
227 222 214
215 209 200
249 249 238
248 246 235
254 249 235
225 222 216
199 194 192
212 208 201
232 228 219
245 238 226
215 208 198
253 253 241
252 250 238
253 251 238
254 249 233
244 242 233
215 211 208
225 222 217
236 231 221
217 214 210
201 196 194
206 201 197
208 203 196
245 240 228
243 237 225
245 237 223
200 193 182
253 254 242
254 253 240
253 252 238
254 252 236
254 248 232
249 248 239
223 220 216
237 234 228
247 244 237
254 248 235
251 249 240
195 189 188
181 176 176
202 198 195
207 202 193
203 200 198
228 223 217
224 219 213
227 222 214
219 214 206
249 243 229
240 234 222
248 241 227
239 230 215
186 179 169
/home/oceane/Documents/Etudes/PR/Dessins3/20190113_232519.jpg
184 180 173
201 198 191
195 191 182
176 172 166
163 158 151
212 209 201
202 200 192
204 200 188
184 180 176
158 154 153
167 163 158
177 174 167
188 182 173
160 154 146
218 215 206
208 206 197
207 205 194
203 198 186
204 200 194
172 169 167
181 178 174
187 183 175
173 170 167
158 154 152
162 158 155
160 155 150
186 182 173
186 181 172
183 177 166
147 142 134
220 218 208
213 211 201
209 207 196
208 205 193
202 197 184
211 208 201
180 177 174
190 188 183
198 196 190
203 197 187
208 205 198
156 151 150
145 141 140
161 158 156
162 157 151
157 155 153
178 174 170
175 171 166
176 172 166
165 160 155
188 184 173
183 178 169
187 182 171
176 169 158
137 132 124
/home/oceane/Documents/Etudes/PR/Dessins3/20190113_232545_01.jpg
224 219 209
231 228 220
221 216 206
226 221 213
217 210 200
240 237 227
217 213 205
239 234 219
230 226 219
198 194 191
215 208 198
225 220 211
237 232 221
212 204 192
253 250 238
226 222 213
228 225 214
249 243 226
240 236 227
207 203 200
183 179 176
224 217 206
233 230 223
211 206 201
198 194 190
225 217 206
217 212 203
241 235 223
234 228 216
208 200 187
253 251 238
245 243 232
240 237 226
248 244 230
249 243 225
252 249 239
189 183 181
203 198 194
170 164 162
246 239 226
251 247 238
201 197 194
199 196 192
177 173 169
240 232 219
217 213 208
239 234 226
218 213 207
219 213 206
207 199 189
214 208 198
239 233 222
237 231 220
230 223 209
207 199 185
/home/oceane/Documents/Etudes/PR/Dessins3/20190113_232545.jpg
169 165 158
183 179 173
169 165 157
168 164 158
158 153 145
192 189 181
168 165 159
182 178 167
179 176 171
152 149 146
162 157 150
165 162 155
173 168 160
152 146 137
204 201 192
176 173 166
177 174 166
189 184 171
190 187 181
160 156 154
141 137 136
170 165 156
178 175 170
160 156 152
149 145 142
167 161 152
159 155 149
176 171 162
168 163 153
148 142 132
206 204 194
191 190 181
186 184 175
192 189 178
187 183 169
201 199 191
147 142 140
156 152 149
132 127 126
186 181 170
198 195 188
155 151 149
154 151 148
137 133 131
180 174 164
162 159 155
180 176 170
162 158 154
160 156 151
151 145 138
157 153 145
174 169 161
170 166 157
163 158 147
147 141 130
/home/oceane/Documents/Etudes/PR/Dessins3/20190119_174931_01.jpg
216 210 204
217 212 204
202 198 193
213 207 200
230 224 219
230 224 213
169 165 162
215 211 204
234 227 221
202 194 193
231 226 223
195 191 185
227 218 208
238 233 227
241 234 220
184 180 175
162 157 154
234 229 219
240 234 225
204 198 196
170 164 164
245 240 235
215 210 206
225 217 212
217 210 207
230 226 225
200 197 190
211 203 192
232 224 213
241 236 230
243 236 221
201 197 189
183 179 174
177 173 167
235 231 220
243 237 226
210 205 202
148 143 144
161 157 157
248 244 238
236 230 222
233 225 220
215 208 206
218 212 209
238 233 230
205 202 199
210 203 200
219 211 206
231 225 219
233 230 228
211 208 199
186 179 171
229 220 207
233 226 217
242 238 231
/home/oceane/Documents/Etudes/PR/Dessins3/20190119_174931.jpg
158 153 149
153 149 146
168 164 160
158 154 148
151 146 141
164 160 155
175 171 169
176 172 168
124 121 119
147 142 140
159 152 145
167 163 155
169 165 160
137 134 130
177 174 166
188 185 181
174 171 170
180 177 172
119 116 114
128 123 123
156 150 148
163 156 149
134 131 127
148 144 143
161 155 152
147 141 133
175 170 159
176 171 165
154 150 148
140 138 132
179 176 168
193 190 185
184 180 178
177 174 173
183 180 174
130 127 123
121 118 118
160 155 153
166 161 157
164 159 152
131 128 124
112 108 109
156 150 149
155 150 146
160 152 142
147 143 137
153 149 147
168 162 159
149 144 142
131 127 120
176 171 159
178 173 165
172 167 162
145 143 141
147 144 137
/home/oceane/Documents/Etudes/PR/Dessins3/20190119_175328_01.jpg
226 223 218
234 232 227
235 231 229
214 211 205
220 217 211
247 246 239
245 245 239
244 240 238
211 209 206
210 206 204
213 207 208
217 215 207
204 199 192
240 239 230
252 251 243
246 245 239
245 245 239
248 245 243
221 219 215
216 214 211
223 220 219
223 214 215
210 208 205
204 200 198
186 181 181
231 229 227
222 219 210
220 216 206
216 212 201
247 246 236
252 252 244
252 252 244
246 245 238
247 247 241
252 249 247
241 240 233
203 201 200
235 234 231
219 217 216
231 223 223
212 211 207
228 225 220
224 221 218
203 198 199
220 212 213
198 196 195
204 200 197
200 196 194
177 172 172
249 249 244
227 224 212
221 218 207
211 207 196
238 234 221
249 249 238
/home/oceane/Documents/Etudes/PR/Dessins3/20190119_175328.jpg
197 192 187
206 203 196
204 200 196
184 178 172
193 188 182
219 217 209
210 208 202
214 210 206
188 183 179
182 176 174
189 183 182
186 180 173
173 166 159
212 207 198
224 222 213
212 210 203
210 208 202
220 215 212
199 195 189
190 184 181
193 188 186
195 187 186
185 181 177
176 169 167
160 154 153
212 208 203
189 183 175
186 179 170
184 176 167
218 214 204
225 222 213
219 218 210
208 206 199
214 212 206
225 221 217
218 214 206
177 174 171
203 200 196
189 186 185
201 192 192
194 190 184
199 192 187
197 190 186
173 167 167
199 192 190
172 168 166
174 168 165
175 169 166
154 148 147
229 225 218
194 187 177
186 179 170
179 172 163
201 193 183
221 217 206
/home/oceane/Documents/Etudes/PR/Dessins3/20190119_235541_01.jpg
209 204 195
215 213 207
204 200 192
214 209 200
204 194 182
227 226 220
214 212 204
209 206 196
198 195 191
208 200 195
182 176 169
212 207 198
227 217 202
206 196 181
244 244 236
211 208 202
207 204 196
218 215 203
216 214 209
189 184 182
205 198 192
186 181 175
202 199 195
221 215 208
201 190 181
198 191 182
211 206 195
224 216 202
220 209 191
198 188 173
251 251 243
218 216 208
202 200 193
199 197 187
231 228 214
237 236 229
180 176 176
230 226 218
196 191 185
203 199 192
210 209 203
175 169 168
212 204 199
154 144 140
197 192 185
205 202 197
222 216 209
232 222 210
218 207 195
200 192 183
216 211 199
215 208 195
224 214 198
208 196 178
199 189 173
/home/oceane/Documents/Etudes/PR/Dessins3/20190119_235541.jpg
155 151 145
167 166 162
152 149 143
156 152 145
146 139 129
181 180 175
162 160 154
155 153 145
152 149 147
154 148 144
136 131 126
153 150 142
160 153 141
146 139 127
196 196 190
161 159 154
156 154 147
162 160 150
168 167 163
144 140 139
152 147 142
139 136 131
151 149 146
164 159 154
145 137 130
145 139 133
151 148 140
159 153 143
153 145 131
140 133 122
203 203 197
168 167 161
154 152 147
149 147 140
170 168 157
187 187 182
137 134 134
174 170 165
146 141 137
151 149 143
162 160 157
134 129 129
157 151 147
117 110 106
146 142 137
151 149 145
164 160 154
167 160 151
155 147 137
145 139 132
155 152 142
153 148 138
156 149 136
145 136 122
141 134 122
/home/oceane/Documents/Etudes/PR/Dessins3/20190119_235603_01.jpg
220 215 205
226 223 215
234 231 222
214 207 198
208 198 185
247 246 236
233 229 220
249 248 238
210 206 201
185 177 172
213 207 201
220 214 203
214 204 191
213 202 186
246 245 235
244 241 229
244 241 230
248 248 239
233 230 224
183 176 173
208 202 195
235 232 224
223 219 212
201 194 189
191 182 174
213 206 197
226 221 207
204 196 184
212 200 184
214 202 185
244 244 234
247 244 232
239 236 226
251 248 237
248 248 239
248 247 238
216 212 206
206 201 195
233 228 220
247 247 237
221 218 213
178 172 169
179 170 165
187 179 174
220 215 209
234 230 221
198 193 188
235 225 213
188 178 170
225 216 205
230 225 210
203 195 184
215 205 189
207 194 176
209 197 179
/home/oceane/Documents/Etudes/PR/Dessins3/20190119_235603.jpg
166 162 155
178 176 169
180 178 171
158 153 146
150 142 133
197 197 189
178 175 168
194 194 186
163 159 156
140 134 130
160 155 150
161 157 148
152 145 134
152 143 132
198 198 190
189 187 177
188 186 178
195 195 187
184 182 177
140 135 133
158 153 148
180 177 171
170 167 162
150 145 140
142 134 129
157 152 145
165 161 151
145 139 130
149 141 128
152 143 130
198 198 191
193 191 181
182 180 171
197 195 186
194 195 188
200 199 192
168 165 161
155 151 146
179 176 170
192 191 184
171 169 165
137 132 130
136 130 126
141 135 131
164 161 156
178 174 167
145 141 138
170 163 153
137 130 124
163 156 147
168 164 153
144 138 129
151 144 132
145 136 122
149 140 126
/home/oceane/Documents/Etudes/PR/Dessins3/20190119_235628_01.jpg
208 202 192
210 207 201
186 182 175
225 218 206
212 202 188
210 208 202
204 201 195
188 185 176
224 219 211
188 182 177
185 176 168
238 230 214
217 208 195
221 210 193
225 224 216
194 189 184
200 199 192
197 194 183
225 222 215
197 191 188
189 183 178
158 151 146
238 232 221
212 204 197
179 170 164
227 216 203
238 231 214
213 205 191
229 219 202
213 202 184
235 236 226
192 189 183
196 192 186
189 188 180
213 211 197
233 233 225
178 172 171
220 216 211
199 195 189
145 140 135
248 244 234
199 192 187
183 175 172
145 137 133
216 207 195
237 231 218
225 216 206
211 203 194
211 200 189
225 214 200
238 231 213
220 211 196
220 211 197
224 213 195
207 196 177
/home/oceane/Documents/Etudes/PR/Dessins3/20190119_235628.jpg
154 149 142
161 159 154
139 136 131
164 159 149
150 143 132
163 162 157
152 150 145
140 138 131
171 167 161
142 137 133
136 130 123
171 165 153
154 148 138
153 146 133
177 177 170
146 142 138
150 149 144
146 144 136
174 172 167
149 144 142
142 137 133
119 115 110
178 174 165
157 151 146
133 126 121
161 153 142
170 165 152
152 145 135
160 153 140
148 140 126
186 187 179
146 143 138
147 144 139
143 142 136
157 156 145
181 180 174
134 130 129
164 162 157
147 144 139
111 108 104
191 188 180
151 146 142
139 133 130
112 106 102
155 148 139
175 171 160
163 157 149
154 148 141
151 144 135
158 150 139
170 165 151
156 149 137
155 148 137
155 147 133
144 136 121
/home/oceane/Documents/Etudes/PR/Dessins3/20190121_000507_01.jpg
215 201 187
215 203 193
216 202 184
228 212 197
202 189 176
223 213 202
183 168 158
218 204 184
238 226 212
215 203 193
217 203 186
229 210 193
219 204 190
195 181 169
243 233 221
167 152 145
188 172 159
232 218 196
251 242 226
198 186 179
201 187 175
242 229 206
228 213 199
233 221 209
218 206 194
188 174 161
229 208 190
223 206 191
215 201 187
189 174 162
250 241 229
189 176 168
166 149 140
185 168 152
247 234 210
253 244 228
177 163 158
223 211 200
191 176 164
248 236 212
237 225 211
235 224 212
206 194 185
201 188 175
219 205 185
234 218 201
229 215 202
229 217 203
222 210 197
178 163 152
229 207 187
226 207 190
212 197 183
209 195 181
189 174 161
/home/oceane/Documents/Etudes/PR/Dessins3/20190121_000507.jpg
159 148 138
165 156 148
162 151 137
165 153 141
144 134 124
172 164 156
139 127 120
165 154 139
180 171 160
159 150 142
158 148 135
164 150 137
154 143 132
138 127 118
187 179 170
130 118 113
143 130 120
176 165 148
194 185 174
151 141 136
150 139 130
178 169 151
169 157 147
171 162 153
157 148 139
137 126 116
164 148 134
156 144 132
149 139 128
133 122 113
193 185 176
146 135 129
128 115 108
142 129 117
186 176 157
195 187 175
137 127 123
166 156 148
144 131 122
184 175 156
181 171 160
177 168 159
153 144 137
149 138 128
159 148 133
172 160 147
167 156 146
165 156 145
157 148 139
129 118 110
164 147 132
158 144 131
148 136 125
145 134 124
133 121 112
/home/oceane/Documents/Etudes/PR/Dessins3/20190124_234132_01.jpg
223 210 199
221 212 204
221 207 193
229 216 205
220 206 192
224 216 209
220 209 199
237 220 202
225 215 206
202 192 185
211 198 185
238 222 208
226 213 201
225 209 193
237 230 222
215 206 198
213 199 186
246 228 208
220 210 203
211 201 195
202 190 182
224 210 195
234 224 214
210 200 194
210 199 190
217 204 188
244 226 210
228 214 202
227 213 199
227 210 192
249 243 233
211 202 194
205 193 183
230 214 197
251 233 211
222 212 204
206 197 193
232 223 214
202 189 179
232 217 200
248 239 228
191 181 177
197 187 180
188 177 168
233 219 202
239 227 215
214 203 196
227 217 207
223 211 199
215 200 184
247 228 210
235 219 206
227 213 199
225 210 195
225 207 189
/home/oceane/Documents/Etudes/PR/Dessins3/20190124_234132.jpg
163 153 144
168 161 155
163 152 141
165 155 147
156 145 135
173 166 160
164 155 148
173 161 147
169 161 155
149 141 136
153 143 133
171 159 148
158 149 140
157 145 133
184 178 172
162 155 149
159 148 138
180 166 150
168 160 154
157 149 145
150 141 134
162 152 140
174 166 158
153 145 141
153 145 137
155 145 134
175 162 149
160 149 140
158 148 137
157 144 131
194 188 181
161 154 148
154 145 137
170 158 145
183 169 152
171 162 156
153 146 143
172 165 158
150 140 132
168 157 144
188 181 172
142 134 131
146 138 133
139 131 124
165 156 142
176 167 157
154 145 141
162 155 148
158 150 141
153 142 130
177 163 149
165 153 143
158 147 137
156 145 134
155 142 129
/home/oceane/Documents/Etudes/PR/Dessins3/20190126_001200_01.jpg
228 220 209
231 224 216
215 208 199
229 218 205
238 229 216
245 237 227
232 227 221
226 217 206
218 208 199
188 181 177
222 215 204
243 230 213
239 230 216
241 230 216
252 244 231
241 236 229
240 235 226
237 228 215
226 217 207
205 199 195
183 177 173
202 193 183
232 221 208
199 190 184
234 228 218
237 229 215
246 232 213
240 229 215
237 228 215
242 230 215
252 244 231
249 243 235
247 242 235
240 233 223
247 238 224
234 225 214
220 213 209
186 181 178
201 195 190
194 184 175
232 223 210
187 177 174
173 166 162
217 212 205
232 224 210
238 227 211
230 220 210
241 234 223
239 232 219
242 233 218
249 236 214
235 222 208
243 232 218
238 228 214
241 228 213
/home/oceane/Documents/Etudes/PR/Dessins3/20190126_001200.jpg
173 166 158
178 172 166
165 159 153
174 165 155
175 168 158
190 183 175
178 174 170
172 165 157
168 160 153
145 140 136
167 161 153
185 174 161
178 171 161
175 167 155
197 189 180
185 181 176
185 181 174
181 173 164
176 168 160
155 150 148
141 136 134
153 146 139
179 170 160
152 145 141
177 173 165
175 169 159
187 175 160
178 170 159
173 166 156
173 165 153
198 190 180
192 187 181
191 187 182
185 179 172
189 181 171
183 175 166
167 161 158
143 139 137
153 148 144
148 140 133
182 173 164
141 133 131
135 129 127
165 161 156
173 167 156
184 174 162
175 167 159
184 178 170
178 173 163
177 171 159
191 178 162
173 164 153
178 170 160
172 164 154
171 162 150
/home/oceane/Documents/Etudes/PR/Dessins3/20190126_001559_01.jpg
180 169 157
155 143 135
150 140 134
185 172 159
229 220 201
194 183 171
151 142 134
148 137 130
136 120 113
176 169 161
167 158 149
199 184 167
209 200 184
237 226 204
224 214 199
142 131 124
148 139 131
146 134 127
153 137 128
104 091 088
199 194 185
107 094 091
136 116 109
189 182 173
221 216 202
224 217 200
215 199 178
201 191 175
231 221 200
238 226 202
239 230 212
169 159 151
130 118 111
135 124 117
150 137 130
187 174 163
089 075 073
195 190 182
209 204 195
112 099 095
138 119 111
114 100 097
167 160 153
191 186 176
138 127 120
148 129 118
197 188 177
206 198 185
231 224 207
238 229 207
218 201 178
204 193 178
219 209 189
234 224 201
238 225 201
/home/oceane/Documents/Etudes/PR/Dessins3/20190126_001559.jpg
136 128 119
123 113 107
117 109 104
140 130 119
165 158 144
148 139 131
118 110 105
115 107 102
111 098 093
135 129 123
127 120 113
150 138 125
153 145 133
169 161 144
169 161 149
111 103 098
116 109 103
114 105 099
122 109 103
090 079 077
148 144 138
090 080 077
110 095 089
142 137 130
163 159 148
163 157 144
160 148 132
147 139 127
166 158 142
168 160 142
181 173 160
127 120 114
103 095 089
107 099 093
116 106 101
144 133 124
080 069 068
146 142 136
154 151 143
093 083 081
113 098 092
095 084 082
128 123 118
143 139 131
109 100 095
119 104 096
147 140 132
153 147 137
169 164 151
171 164 148
163 149 132
148 140 128
158 150 135
166 159 142
168 159 140
/home/oceane/Documents/Etudes/PR/Dessins3/20190126_001933_01.jpg
198 194 186
209 204 193
207 202 196
173 169 162
203 199 193
235 231 216
193 188 181
224 220 213
211 206 194
136 132 129
216 212 206
175 171 165
160 156 152
230 227 218
243 239 223
224 219 208
217 213 205
222 218 212
242 237 221
126 121 118
142 136 134
246 242 235
200 197 185
143 138 135
147 143 141
227 224 217
184 181 173
163 160 157
196 192 185
241 238 228
243 239 224
244 241 228
235 230 220
246 243 234
225 221 214
242 235 219
157 152 145
143 137 134
156 150 147
236 232 225
241 236 220
156 152 146
153 149 146
161 156 153
245 241 234
174 170 161
137 132 129
133 128 126
171 168 163
226 223 216
203 200 190
178 175 171
176 173 170
222 219 209
241 238 228
/home/oceane/Documents/Etudes/PR/Dessins3/20190126_001933.jpg
152 148 143
156 153 144
160 156 152
133 130 125
158 155 150
173 170 159
149 145 140
173 169 165
157 153 144
107 104 102
165 162 158
135 133 128
125 122 119
181 178 171
179 175 164
169 166 157
167 164 158
172 169 164
177 172 160
101 097 095
112 107 106
188 185 179
150 146 138
112 108 106
115 111 110
174 172 166
143 140 134
126 124 122
153 151 145
190 188 180
179 176 164
182 180 170
179 175 167
188 186 180
175 172 167
175 170 158
122 118 113
111 107 105
122 117 115
180 177 172
177 173 161
122 118 114
117 114 112
125 121 119
187 184 178
132 129 123
108 104 102
105 101 100
133 130 127
174 172 167
157 155 147
136 134 131
136 134 131
176 174 166
191 188 181
/home/oceane/Documents/Etudes/PR/Dessins3/20190126_002038_01.jpg
221 220 215
214 213 209
228 227 220
234 234 228
209 207 200
228 227 222
204 203 200
252 252 242
224 222 219
168 165 165
230 229 221
241 241 234
229 229 224
215 212 203
243 244 237
207 206 204
222 222 217
252 253 243
234 232 227
171 169 169
186 183 181
251 251 241
235 234 230
215 214 212
172 169 168
231 229 219
238 237 230
248 249 241
203 202 198
230 227 215
248 248 241
224 223 219
213 213 210
241 241 234
253 254 243
235 233 228
190 188 187
179 177 177
228 228 221
252 252 240
236 234 230
178 176 177
152 148 149
178 175 173
251 252 241
241 241 235
245 246 240
225 225 221
154 151 150
239 236 224
235 234 226
248 248 240
241 241 234
196 195 190
247 244 230
/home/oceane/Documents/Etudes/PR/Dessins3/20190126_002038.jpg
175 174 170
168 167 164
183 183 177
183 183 179
165 163 158
181 180 177
159 158 156
206 206 198
174 173 170
132 129 130
183 182 176
188 188 183
180 180 176
170 168 161
194 194 189
163 162 160
177 177 173
208 208 200
182 181 177
133 131 131
145 143 141
203 203 195
184 183 180
169 169 167
134 132 131
185 184 176
185 184 179
195 195 189
157 157 154
183 181 172
198 199 193
178 177 174
166 166 164
195 196 190
210 210 202
184 182 178
148 147 146
138 136 136
181 181 176
206 205 196
183 181 178
138 136 137
119 116 117
137 135 133
203 203 195
189 188 184
194 195 190
179 179 175
120 117 117
192 189 180
181 181 175
194 194 187
189 189 184
152 151 148
197 195 184
/home/oceane/Documents/Etudes/PR/Dessins3/20190127_154008_01.jpg
214 206 193
210 203 193
197 188 175
216 208 195
232 225 210
221 215 202
194 186 175
213 205 186
193 186 181
192 184 180
214 206 193
235 226 208
227 220 204
234 227 212
238 232 215
193 185 174
177 167 155
241 234 210
194 188 182
214 207 200
168 157 154
202 194 179
214 208 198
175 167 164
216 210 201
244 237 220
239 230 209
237 229 210
236 229 213
232 224 208
253 247 227
209 202 188
173 164 153
207 198 180
250 243 218
197 191 183
195 187 183
218 212 203
135 122 121
216 208 189
199 193 187
188 180 176
187 179 175
185 177 170
234 227 209
238 233 217
199 192 184
201 195 186
241 235 222
237 229 213
239 229 206
238 229 208
238 230 210
234 227 211
232 223 207
/home/oceane/Documents/Etudes/PR/Dessins3/20190127_154008.jpg
162 156 146
162 157 149
152 145 135
159 153 143
173 168 157
173 168 157
151 145 136
164 157 143
148 142 138
148 141 138
165 159 149
170 164 150
166 160 148
173 167 155
186 182 169
151 144 136
139 131 122
183 178 160
149 144 140
163 158 153
131 122 120
155 149 138
161 157 149
134 128 125
166 161 154
186 180 167
171 164 149
171 165 150
171 166 153
170 164 152
198 193 178
165 159 148
137 130 122
159 153 139
191 186 167
154 149 143
148 142 138
166 161 155
109 099 098
164 158 145
152 148 143
144 137 135
143 137 134
145 138 133
179 173 160
176 172 161
149 144 138
152 147 141
183 178 168
179 173 161
171 163 146
170 163 148
171 165 150
169 164 152
169 163 151
/home/oceane/Documents/Etudes/PR/Dessins3/20190127_235002_01.jpg
225 204 186
216 197 181
235 217 196
228 207 190
221 196 177
228 211 190
206 184 169
253 237 211
231 213 200
178 156 147
253 233 210
234 212 193
211 187 168
233 206 184
246 231 206
194 171 156
230 210 190
254 239 211
237 220 205
189 166 158
203 183 170
254 235 212
242 226 211
206 185 172
201 180 165
248 225 203
240 217 197
225 200 180
208 182 162
227 198 176
254 241 213
196 174 157
208 187 169
244 227 202
254 238 210
248 235 216
189 166 157
197 174 164
225 205 190
254 237 213
247 232 217
218 196 187
130 107 102
254 236 215
253 232 208
232 213 198
235 215 200
181 158 146
241 218 199
242 218 197
250 230 206
227 200 181
197 172 152
231 203 179
224 194 171
/home/oceane/Documents/Etudes/PR/Dessins3/20190127_235002.jpg
170 151 137
169 150 138
180 162 146
171 152 139
159 140 125
182 163 146
156 137 126
196 178 158
179 162 152
137 119 112
186 169 153
175 156 141
153 134 120
162 142 125
197 178 158
149 130 118
176 157 142
199 180 159
187 169 157
142 124 118
155 138 128
191 174 156
188 171 159
155 138 128
151 134 123
178 160 143
179 159 143
161 142 127
148 129 113
157 135 119
204 185 163
154 134 120
159 140 127
190 171 153
199 180 157
199 182 167
144 126 119
147 129 121
171 154 142
193 176 158
194 177 165
163 144 138
105 087 084
190 174 158
185 168 150
177 159 148
176 159 147
136 119 110
173 156 141
171 152 136
189 169 151
162 142 127
142 123 108
160 139 121
154 132 115
/home/oceane/Documents/Etudes/PR/Dessins3/20190205_000552_01.jpg
110 109 105
174 173 171
075 072 068
119 118 114
073 071 067
184 183 181
129 127 123
060 056 051
196 198 197
102 101 097
055 052 048
112 111 106
073 071 066
082 079 076
180 179 177
152 150 146
104 101 097
055 050 046
216 218 219
147 147 143
096 094 090
047 043 038
164 165 163
102 100 096
076 074 070
055 052 048
129 128 123
081 078 074
076 074 070
087 084 080
169 166 164
169 167 163
129 126 122
081 077 073
055 049 045
214 217 217
168 168 165
131 131 127
081 079 075
049 044 040
214 217 218
181 181 179
107 106 102
066 063 059
041 037 033
143 142 138
075 073 069
073 070 066
076 074 071
066 063 060
118 116 111
103 101 096
078 076 072
090 088 084
085 083 079
/home/oceane/Documents/Etudes/PR/Dessins3/20190205_000552.jpg
113 111 108
163 162 160
087 084 080
120 119 115
082 079 076
170 169 167
128 126 122
076 071 067
181 182 182
108 107 103
070 066 063
114 112 107
082 080 076
087 085 081
166 165 163
146 144 140
109 106 102
072 067 063
193 196 196
145 144 141
103 101 098
064 060 056
156 157 155
109 108 104
086 084 081
068 065 061
126 125 120
088 085 081
083 081 077
090 088 084
155 153 151
161 159 156
127 124 120
092 089 084
072 066 062
190 192 193
163 163 160
131 130 126
092 089 085
066 062 057
190 193 193
175 175 173
112 111 107
079 076 073
058 054 050
140 139 136
085 083 079
084 081 077
085 083 080
076 073 069
118 115 111
105 103 098
085 083 079
093 091 087
089 086 082
/home/oceane/Documents/Etudes/PR/Dessins3/20190205_000626_01.jpg
068 066 064
089 086 083
063 061 059
067 066 063
054 052 050
081 076 073
084 082 079
050 048 045
084 082 079
099 099 097
057 055 053
061 059 056
052 050 048
046 044 042
074 069 066
087 084 081
070 068 065
041 038 035
088 085 082
105 104 102
087 086 084
055 053 051
069 068 065
099 098 096
081 080 078
048 047 044
066 064 061
036 033 030
039 036 034
048 046 044
067 060 057
090 087 083
075 072 068
060 057 054
038 035 031
086 082 079
097 096 093
098 097 094
078 077 074
048 045 042
079 077 074
102 101 098
109 108 106
078 077 075
047 044 042
065 063 060
083 082 079
079 078 076
066 065 063
048 046 044
059 057 054
042 040 036
039 036 033
027 024 021
054 052 050
/home/oceane/Documents/Etudes/PR/Dessins3/20190205_000626.jpg
097 094 091
122 118 115
094 091 088
095 093 089
078 076 073
116 110 106
117 114 110
081 078 074
115 113 110
128 127 125
084 082 079
088 086 082
077 074 071
069 066 064
110 103 099
121 117 113
104 101 097
072 068 064
121 117 114
136 135 132
117 116 113
083 081 078
099 097 094
126 126 123
107 106 104
073 071 069
093 090 087
061 058 054
062 059 056
070 067 065
104 095 092
124 120 116
109 105 101
093 089 085
069 064 060
120 115 111
130 128 124
129 128 125
108 107 104
077 073 070
111 108 105
131 130 127
137 137 134
105 104 102
073 070 068
093 091 088
110 109 106
105 104 102
091 089 087
071 069 067
086 083 080
068 064 061
063 059 056
049 046 042
076 074 071
/home/oceane/Documents/Etudes/PR/Dessins3/20190205_000715_01.jpg
218 213 204
246 244 235
207 204 197
209 204 195
208 200 190
252 251 240
216 215 208
232 229 218
237 233 226
209 204 199
199 194 187
207 202 193
206 197 186
201 193 181
254 252 240
246 246 235
216 214 206
243 240 227
250 246 238
235 232 226
176 174 172
195 190 183
227 223 216
202 196 190
190 184 178
222 216 207
206 201 192
200 194 183
219 209 195
201 192 179
254 252 240
250 248 237
235 234 224
228 226 215
248 245 230
253 250 240
245 244 237
176 173 172
184 183 181
209 204 196
242 238 230
233 229 223
234 227 220
198 193 189
219 213 204
220 216 208
192 188 183
193 187 180
172 167 162
226 218 208
206 201 191
196 190 180
219 210 196
213 203 189
196 187 173
/home/oceane/Documents/Etudes/PR/Dessins3/20190205_000715.jpg
163 160 153
194 192 185
160 158 152
152 148 141
149 143 135
205 203 194
167 166 161
179 177 168
180 177 171
157 152 149
148 144 139
149 145 139
145 139 130
141 136 127
209 207 198
191 191 183
167 166 160
189 187 176
196 193 187
178 176 171
135 133 132
149 145 140
169 166 160
149 144 140
141 136 132
160 156 149
148 145 137
141 136 128
152 145 134
141 135 125
212 209 199
197 196 187
182 181 174
178 176 168
194 191 180
203 201 193
188 187 182
136 134 133
140 139 137
161 157 150
185 182 175
175 171 167
174 169 164
148 144 141
162 157 150
162 159 153
140 136 133
140 135 130
126 122 119
160 155 147
148 144 137
139 134 126
152 145 134
147 140 129
138 131 121
/home/oceane/Documents/Etudes/PR/Dessins3/20190205_000748_01.jpg
216 212 205
219 217 212
225 223 215
212 208 200
207 201 191
233 231 222
200 198 195
244 241 231
217 215 211
211 207 203
218 215 208
208 204 196
216 209 198
196 190 179
252 249 237
199 197 192
217 215 208
248 244 232
242 241 233
184 183 184
199 197 196
238 234 226
213 211 206
214 210 204
218 214 206
206 203 197
215 212 201
206 200 189
204 197 184
199 192 179
254 251 239
221 219 210
205 202 197
242 239 228
248 245 232
250 250 240
170 168 170
204 203 201
207 205 203
245 241 231
238 236 228
200 197 196
211 208 205
203 199 196
233 228 219
217 215 209
189 185 182
228 223 213
186 183 178
209 206 198
216 213 202
208 202 191
213 205 192
191 184 171
210 201 186
/home/oceane/Documents/Etudes/PR/Dessins3/20190205_000748.jpg
160 157 151
171 169 165
170 167 162
152 149 143
146 142 134
186 184 177
153 151 149
185 183 175
165 163 160
154 152 149
159 156 151
147 144 138
149 145 136
137 133 125
203 201 191
153 152 148
167 165 160
189 186 177
189 188 182
138 136 138
147 145 145
176 173 166
158 155 152
156 152 149
157 153 147
147 145 141
151 149 141
142 138 130
141 136 126
139 133 123
207 204 194
172 170 163
158 156 152
186 184 175
189 187 177
199 199 191
130 129 131
152 151 150
155 154 151
183 180 172
182 180 175
149 146 146
155 152 150
148 146 143
168 165 158
156 155 150
137 134 131
161 157 151
134 131 128
147 145 139
152 150 141
144 140 131
147 141 130
133 128 118
145 138 127
/home/oceane/Documents/Etudes/PR/Dessins3/20190205_000816_01.jpg
215 212 204
221 218 211
225 223 216
209 205 198
205 200 191
236 234 223
223 221 214
244 243 234
211 207 202
202 199 197
210 207 201
202 199 191
207 202 192
200 194 183
252 251 237
225 222 215
230 228 220
250 250 240
217 213 207
188 185 186
174 171 169
248 245 235
204 201 195
224 220 215
205 202 198
189 187 183
211 208 198
198 193 183
206 200 188
219 211 197
254 254 239
238 236 225
233 231 223
249 249 240
250 250 239
236 233 224
183 179 180
211 209 205
186 183 179
249 247 236
236 233 224
186 182 182
197 194 192
183 180 177
242 239 230
173 170 167
213 209 202
219 215 209
162 160 158
185 182 176
222 218 206
213 208 196
209 202 190
221 214 199
227 218 202
/home/oceane/Documents/Etudes/PR/Dessins3/20190205_000816.jpg
165 162 156
177 175 169
177 176 170
155 152 146
150 146 140
194 191 183
175 173 168
194 193 186
166 162 159
154 152 150
160 158 153
147 144 138
150 146 138
144 139 131
211 209 198
177 175 169
184 183 177
199 199 191
175 172 167
145 142 143
135 132 131
190 188 181
158 155 151
169 166 161
154 152 149
143 141 138
152 149 142
142 138 131
147 142 134
156 150 139
215 213 201
190 188 180
186 184 178
200 201 193
199 199 191
194 191 184
140 137 137
161 159 157
147 144 142
193 191 183
187 184 178
142 140 139
151 148 147
142 139 137
183 180 173
133 130 128
160 158 153
163 160 155
122 120 119
137 135 131
158 155 146
151 147 138
149 144 135
156 150 139
160 154 141
/home/oceane/Documents/Etudes/PR/Dessins3/20190205_000849_01.jpg
214 211 203
227 225 217
226 225 218
210 205 195
194 189 181
240 238 228
231 229 220
223 223 217
233 228 220
184 180 177
202 200 196
205 200 189
202 195 185
210 204 192
249 247 235
232 231 221
229 228 220
219 220 213
249 246 236
180 177 175
234 231 224
221 220 215
245 239 228
195 189 183
150 147 145
193 191 186
199 193 183
202 196 185
216 208 196
217 210 196
253 251 239
232 231 221
230 228 219
224 223 216
220 220 214
253 250 239
200 197 194
217 215 208
242 241 232
218 218 213
251 247 237
192 188 184
191 187 183
207 205 200
205 203 200
230 224 213
225 217 207
156 152 149
156 153 150
199 196 189
202 197 185
195 189 178
230 221 207
214 207 194
219 211 197
/home/oceane/Documents/Etudes/PR/Dessins3/20190205_000849.jpg
161 158 152
178 176 170
169 168 163
155 151 144
140 136 130
190 188 181
175 174 167
167 167 162
181 177 171
140 138 135
149 148 144
149 145 137
147 141 134
149 144 135
201 199 189
177 175 168
173 172 166
164 164 159
197 194 186
138 136 135
177 175 169
164 163 159
186 182 173
147 143 138
115 113 112
140 138 135
143 139 131
145 140 133
154 148 139
152 146 136
206 204 194
177 177 169
175 173 166
168 167 162
164 165 160
203 200 192
154 152 149
166 164 159
184 183 176
161 161 158
196 193 185
148 145 142
145 142 139
154 151 148
149 148 145
172 168 159
166 161 153
119 115 113
118 115 113
143 140 136
144 140 132
140 135 127
163 156 146
151 146 136
153 146 136
/home/oceane/Documents/Etudes/PR/Dessins3/20190205_074439_01.jpg
220 217 208
217 215 207
214 211 202
220 216 207
230 226 214
231 231 220
185 179 176
238 239 226
229 227 218
169 163 163
243 240 227
229 225 213
222 218 207
236 232 218
240 241 228
199 197 193
188 182 177
250 252 238
241 240 228
187 181 180
166 158 158
252 250 236
224 221 212
192 187 184
196 193 187
251 248 234
239 235 221
226 222 210
247 242 226
226 223 210
249 251 236
201 199 193
183 178 176
214 212 201
249 252 237
251 252 238
200 195 192
181 174 174
191 185 182
253 252 238
254 254 239
197 192 189
155 147 148
208 204 198
253 251 236
221 218 209
200 195 191
176 173 171
240 237 225
242 239 225
247 242 227
235 231 218
233 229 215
250 245 228
221 219 206
/home/oceane/Documents/Etudes/PR/Dessins3/20190205_074439.jpg
174 171 164
174 172 166
170 168 161
172 169 162
180 177 167
188 188 179
140 135 133
193 193 183
189 186 179
131 127 126
195 193 183
177 174 165
172 168 160
181 179 168
197 198 187
151 149 146
145 141 137
202 205 193
205 202 193
143 138 138
128 122 122
205 204 192
183 180 173
149 145 142
156 153 149
199 197 186
185 182 171
172 169 161
191 187 175
172 170 160
206 207 195
155 153 149
137 134 131
172 170 162
202 205 193
216 214 203
153 149 147
137 131 131
148 144 142
207 206 194
217 214 203
155 150 148
121 116 116
166 163 158
204 202 190
175 173 166
154 150 147
137 134 133
191 188 179
189 187 176
192 188 176
179 176 166
180 176 166
192 188 175
167 165 155
/home/oceane/Documents/Etudes/PR/Dessins3/20190205_075046_01.jpg
223 220 211
227 225 217
229 229 219
222 216 208
216 210 201
229 228 217
210 210 203
241 241 229
235 232 225
216 212 208
236 233 224
212 207 198
227 219 208
205 198 189
239 239 224
213 213 207
216 217 209
242 243 230
241 238 227
214 212 208
214 212 207
245 243 231
224 220 213
221 216 211
220 215 210
223 219 210
215 210 200
226 218 207
203 196 186
217 210 199
246 246 230
208 209 202
210 210 203
230 232 222
241 243 230
249 246 233
204 203 199
228 227 220
211 210 204
247 244 230
246 242 232
221 218 214
208 205 202
233 231 224
243 240 228
218 213 206
226 220 213
222 216 209
187 183 178
228 223 213
219 213 203
209 203 193
237 227 214
188 181 172
224 217 204
/home/oceane/Documents/Etudes/PR/Dessins3/20190205_075046.jpg
166 163 157
173 172 165
172 172 164
163 158 152
156 152 145
176 175 166
158 157 152
181 182 172
179 177 171
160 158 155
175 173 166
155 151 144
163 157 148
147 142 135
183 183 172
159 159 154
162 163 157
182 183 173
188 185 177
160 159 156
161 159 155
184 183 173
169 166 160
163 159 155
161 158 154
163 160 154
156 152 145
162 156 148
146 141 133
154 149 140
189 189 176
156 156 151
156 157 152
173 174 166
181 182 172
196 193 183
153 152 150
171 170 165
160 159 155
187 185 174
189 187 179
165 162 160
155 152 150
173 171 166
180 178 169
163 160 154
166 162 156
162 157 152
139 135 132
165 161 154
159 154 146
150 145 138
168 161 151
135 131 124
158 152 142
/home/oceane/Documents/Etudes/PR/Dessins3/20190205_075313_01.jpg
224 221 211
231 229 218
221 220 212
229 224 214
216 211 201
243 241 227
210 209 202
230 230 221
241 238 229
187 184 181
225 223 214
227 220 210
246 238 225
211 204 194
253 252 234
215 214 205
200 198 193
245 246 235
251 249 237
204 201 197
193 190 187
246 244 234
242 237 228
217 213 208
205 202 196
226 222 213
213 206 197
246 237 224
242 233 220
192 186 176
254 252 232
229 228 216
204 202 196
215 215 207
247 248 236
254 252 238
209 206 202
222 221 214
186 183 180
249 248 237
245 241 231
209 206 202
178 175 172
195 194 190
242 239 229
232 227 218
247 242 233
231 227 219
234 229 219
225 218 208
204 198 189
247 237 224
246 236 222
212 204 193
197 190 180
/home/oceane/Documents/Etudes/PR/Dessins3/20190205_075313.jpg
174 171 164
185 183 175
172 171 165
175 171 164
162 158 151
197 195 184
163 162 157
180 180 173
193 190 183
144 141 139
174 172 165
172 167 159
184 178 168
157 152 144
206 204 191
168 167 161
156 154 150
191 192 183
207 204 195
159 156 153
150 148 145
191 189 182
191 187 180
167 164 160
156 154 150
172 168 161
160 155 148
183 176 166
179 172 162
143 139 131
206 203 189
181 180 171
158 157 152
167 168 162
192 193 184
212 209 197
164 162 159
174 172 167
145 142 140
194 193 185
199 195 187
165 162 159
138 135 134
151 150 147
184 183 175
182 177 170
190 187 180
174 171 165
177 173 165
169 164 156
153 148 142
183 176 166
182 175 164
157 151 142
145 140 132
/home/oceane/Documents/Etudes/PR/Dessins3/20190205_075445_01.jpg
219 214 206
232 230 220
203 202 197
226 219 210
214 207 198
238 236 223
218 218 212
204 203 196
224 220 214
233 229 223
186 183 180
233 224 212
210 202 193
222 214 203
245 242 226
220 221 214
208 208 203
207 205 197
227 222 215
234 233 227
215 213 209
183 182 179
227 220 212
222 218 213
204 200 194
196 191 185
240 230 217
217 208 198
225 215 203
230 221 209
250 247 228
225 225 216
210 210 205
203 203 197
207 206 196
240 235 223
219 218 215
233 232 225
215 215 212
194 191 187
232 226 218
228 225 222
238 234 228
183 181 178
169 167 165
232 224 214
205 200 195
197 193 188
192 186 180
227 222 212
241 231 217
233 223 211
228 218 206
232 222 209
233 223 210
/home/oceane/Documents/Etudes/PR/Dessins3/20190205_075445.jpg
162 159 153
176 174 167
150 149 145
168 162 155
155 150 144
183 181 171
160 161 156
150 149 143
171 167 162
174 172 167
139 136 134
172 166 157
153 147 140
159 153 144
190 187 175
163 163 158
151 152 148
151 150 144
176 172 166
175 174 170
160 159 156
136 134 132
172 167 161
165 162 158
152 149 144
145 142 137
177 170 159
157 151 143
162 155 146
163 156 147
194 192 177
168 168 161
154 154 150
148 148 143
152 151 143
189 184 175
163 162 159
174 174 168
158 158 155
142 140 137
178 173 167
170 168 165
178 175 171
138 136 134
127 125 124
176 170 162
152 149 145
147 143 140
144 139 134
165 160 153
177 170 159
169 161 152
164 157 148
166 158 148
164 157 146
/home/oceane/Documents/Etudes/PR/Dessins3/20190205_075804_01.jpg
216 213 204
232 230 219
231 230 221
219 214 205
182 178 172
251 251 234
221 220 212
249 250 237
228 225 217
191 188 186
219 215 207
227 221 210
196 191 184
161 156 151
254 253 235
230 229 218
238 239 230
251 251 237
245 243 231
200 197 194
197 194 191
238 235 225
232 228 220
211 207 203
177 174 171
202 198 191
233 226 214
198 192 185
190 185 177
160 155 148
254 253 234
247 247 232
222 221 213
249 251 240
250 251 236
254 254 238
223 221 213
197 192 189
214 212 207
248 246 233
243 240 229
201 197 194
208 205 202
200 198 195
233 229 218
226 221 212
207 202 197
165 160 158
161 159 157
163 160 155
242 235 221
210 204 195
212 206 196
187 182 173
186 179 170
/home/oceane/Documents/Etudes/PR/Dessins3/20190205_075804.jpg
171 168 161
190 187 179
184 183 176
169 165 158
141 137 133
209 207 195
174 173 168
200 200 191
185 181 174
150 147 145
172 169 163
175 170 162
149 145 139
124 121 117
211 209 195
184 182 174
190 191 183
201 201 191
207 203 193
157 154 152
155 153 151
189 187 179
185 181 174
163 159 156
139 137 135
157 154 149
180 174 164
149 145 139
144 139 133
123 119 114
209 208 193
201 201 189
174 173 167
199 201 193
201 201 190
218 215 203
180 177 171
153 149 147
171 170 166
200 198 188
200 195 187
158 155 152
163 161 158
155 154 151
183 180 171
178 174 167
158 154 150
131 127 126
126 125 123
129 126 123
186 180 170
158 153 146
158 153 146
141 137 130
140 135 128
/home/oceane/Documents/Etudes/PR/Dessins3/20190205_105423_01.jpg
066 064 062
079 077 074
069 066 063
055 054 052
061 060 058
081 079 076
084 082 079
065 060 057
072 071 068
071 070 068
047 044 041
057 057 055
042 040 037
076 075 074
078 074 071
087 085 082
082 079 076
061 056 053
076 074 072
075 074 072
083 082 079
051 047 044
069 068 066
056 054 052
056 054 052
047 045 042
061 061 059
036 034 031
058 057 055
083 083 083
071 066 063
096 094 092
087 085 082
073 069 066
062 056 053
079 077 075
074 073 070
083 082 079
082 081 078
055 051 048
058 056 053
085 083 082
077 076 074
050 047 044
043 040 037
069 068 067
047 045 043
044 042 040
051 050 048
058 056 054
062 062 061
044 043 041
040 038 036
074 073 072
089 089 089
/home/oceane/Documents/Etudes/PR/Dessins3/20190205_105423.jpg
116 114 111
134 131 128
125 120 117
100 099 097
107 105 103
137 133 130
140 137 134
122 115 112
123 122 119
123 121 119
097 093 090
101 101 099
083 081 078
122 121 120
134 128 125
143 140 137
139 134 131
118 110 108
130 127 124
130 128 125
137 135 133
104 099 096
117 116 114
104 102 099
104 102 099
093 091 088
105 105 103
076 073 071
101 099 097
129 129 129
127 120 117
152 149 146
144 140 137
131 124 121
119 111 108
134 131 128
129 127 124
138 136 133
137 135 132
110 105 101
109 106 103
137 135 133
129 127 125
101 097 094
093 089 086
115 115 113
092 090 087
089 086 084
097 095 093
103 101 099
106 106 104
085 084 082
080 077 075
118 118 117
136 136 135
/home/oceane/Documents/Etudes/PR/Dessins3/20190205_120639_01.jpg
224 222 214
231 229 221
235 232 223
215 214 208
213 211 204
244 241 230
223 220 212
251 248 236
230 230 223
165 164 164
233 230 221
230 229 220
219 217 211
217 216 208
254 251 238
234 231 221
239 236 225
254 250 237
246 246 236
190 189 187
198 196 194
251 247 236
233 234 227
160 160 160
176 175 173
218 216 208
232 231 221
234 232 223
232 230 221
224 222 213
254 251 237
248 245 233
236 231 221
253 250 238
253 250 237
251 250 239
197 195 192
215 214 209
211 208 203
252 248 237
247 247 238
200 200 196
159 158 158
223 221 214
248 244 234
225 225 219
198 198 195
157 157 157
192 191 187
211 209 202
235 234 223
236 234 224
236 234 225
223 222 214
227 224 215
/home/oceane/Documents/Etudes/PR/Dessins3/20190205_120639.jpg
173 171 165
184 183 176
187 185 178
160 159 155
159 157 152
197 194 185
178 175 170
202 199 190
179 179 173
131 130 130
180 178 171
167 166 160
161 160 155
160 158 153
206 203 193
188 185 177
193 190 182
204 201 191
194 194 187
150 149 148
156 155 153
196 194 185
177 177 172
126 125 126
138 137 136
165 163 157
168 167 160
170 169 162
169 168 162
163 161 155
206 204 193
201 198 189
189 186 178
206 203 193
204 201 191
200 199 191
157 155 152
168 167 164
168 166 162
199 196 187
191 191 184
157 156 154
127 126 126
174 172 167
190 187 178
168 168 163
148 148 146
122 122 122
147 146 143
158 156 151
169 168 160
170 169 161
171 169 163
163 162 156
164 162 155
/home/oceane/Documents/Etudes/PR/Dessins3/20190206_084651_01.jpg
050 048 045
039 036 032
035 034 031
061 058 055
063 063 061
030 027 023
056 055 052
025 023 021
046 042 038
058 057 054
044 043 041
053 050 047
079 078 076
055 055 054
028 025 022
036 034 031
042 041 038
023 023 020
036 031 028
054 052 048
051 049 046
025 023 021
049 044 041
071 069 066
087 087 085
060 060 059
044 039 036
081 080 078
072 071 070
034 033 032
026 024 021
027 024 021
041 040 037
024 024 021
022 022 020
036 032 028
034 031 027
095 095 092
042 039 037
026 023 021
037 031 028
050 047 044
047 046 042
059 058 056
031 030 028
047 043 040
076 075 072
106 105 104
104 104 103
058 059 058
039 034 031
071 069 066
055 053 051
065 064 062
020 019 018
/home/oceane/Documents/Etudes/PR/Dessins3/20190206_084651.jpg
083 080 077
073 069 064
066 065 061
097 092 089
096 095 093
063 058 054
091 090 086
053 052 048
083 076 072
094 092 089
076 074 072
088 082 079
114 112 110
085 085 083
059 055 051
069 066 062
074 073 069
051 050 047
073 066 061
091 088 084
086 084 080
054 051 049
085 079 075
108 106 103
125 125 123
093 093 092
077 070 067
117 115 112
105 104 102
059 058 056
057 053 049
057 053 050
073 072 068
053 052 048
050 050 047
073 066 061
070 065 061
136 136 132
075 072 069
055 052 049
073 064 060
088 083 079
083 081 077
094 093 090
060 058 056
083 077 073
115 113 109
145 145 143
143 144 142
090 091 089
072 064 061
105 102 099
086 084 081
096 095 093
043 041 039
/home/oceane/Documents/Etudes/PR/Dessins3/20190206_161236_01.jpg
056 056 053
051 049 046
048 048 044
073 071 069
054 054 052
034 032 028
058 058 055
029 028 025
058 056 053
109 109 107
056 056 053
061 059 056
067 066 064
036 036 034
033 030 027
043 042 038
043 043 040
027 026 022
038 034 031
090 090 087
094 094 092
027 027 023
063 061 058
117 117 115
098 099 097
045 045 042
047 044 041
064 063 061
054 054 052
018 018 016
032 029 026
031 029 025
047 048 044
028 028 024
026 026 022
039 035 032
048 046 043
090 090 087
071 071 067
028 028 024
037 033 030
098 098 096
094 094 091
124 124 122
024 023 020
063 061 058
125 125 123
075 076 073
100 100 099
038 038 036
045 043 040
048 046 043
053 051 049
033 033 030
014 014 011
/home/oceane/Documents/Etudes/PR/Dessins3/20190206_161236.jpg
081 080 077
079 077 073
073 073 069
097 095 092
075 074 072
063 060 055
085 085 081
054 054 050
086 083 079
133 134 131
079 079 076
084 081 078
089 088 085
054 054 052
061 058 054
070 069 065
069 069 065
052 051 048
069 064 059
117 116 113
119 119 117
052 052 048
090 086 083
141 141 139
121 122 120
067 066 063
071 067 064
087 085 082
075 074 072
036 036 034
059 056 052
058 056 052
074 075 071
053 054 050
051 051 047
070 065 061
077 075 070
116 116 113
096 096 093
054 054 050
067 061 057
124 123 121
119 119 117
147 147 146
047 046 042
088 084 081
148 148 146
099 099 097
121 122 121
058 057 055
069 065 062
071 068 065
074 073 070
052 052 049
031 031 028
/home/oceane/Documents/Etudes/PR/Dessins3/20190206_180435_01.jpg
216 212 204
226 225 218
220 218 210
222 217 207
195 190 181
243 244 235
204 203 197
240 237 226
226 224 217
196 191 186
214 211 204
234 228 216
187 181 172
198 193 183
250 250 241
212 212 205
217 215 207
244 242 230
240 239 231
202 199 194
191 188 183
230 227 219
228 225 218
207 202 196
178 173 168
223 218 209
238 233 219
216 208 196
175 169 161
204 198 188
250 251 242
228 228 220
209 209 200
236 234 223
244 242 230
251 251 242
213 212 207
205 203 198
195 194 189
242 239 229
239 237 229
195 191 188
200 196 190
181 178 174
233 229 221
235 232 223
207 202 195
184 178 172
170 166 160
227 221 211
242 237 222
229 221 208
193 186 176
177 172 163
209 203 192
/home/oceane/Documents/Etudes/PR/Dessins3/20190206_180435.jpg
163 160 154
177 176 170
166 164 158
165 161 154
144 140 134
193 193 187
154 153 148
180 179 170
177 175 170
148 144 141
161 158 153
173 168 159
136 132 125
145 141 134
200 200 193
160 160 155
163 162 155
183 182 172
193 192 185
154 151 148
144 142 139
174 171 165
177 175 169
155 151 146
135 131 127
165 162 155
176 171 161
155 149 140
128 124 118
147 143 135
201 202 195
174 175 169
157 156 150
178 177 168
183 182 172
204 204 196
163 162 158
155 154 149
148 147 143
183 180 172
190 188 182
148 145 143
151 148 143
137 135 132
173 171 164
180 178 171
153 149 145
138 133 128
128 125 121
167 163 155
179 175 163
164 158 147
139 134 126
129 125 119
151 146 138
/home/oceane/Documents/Etudes/PR/Dessins3/20190206_191607_01.jpg
049 047 044
048 046 043
035 034 031
058 057 054
053 051 049
044 042 038
055 053 050
024 022 018
047 046 042
065 064 062
037 035 033
044 043 040
077 077 075
043 042 040
046 042 039
051 049 046
043 042 038
023 021 018
041 039 036
056 054 052
053 052 049
023 020 017
043 042 038
090 089 088
070 069 067
043 041 039
034 032 029
065 064 062
072 071 069
026 025 022
047 043 039
044 041 037
049 048 045
028 026 022
023 021 017
043 041 037
053 053 049
059 058 056
043 041 038
022 020 016
037 036 032
067 066 064
059 058 056
056 055 052
025 023 020
045 043 040
094 094 092
085 084 083
076 076 075
039 037 035
025 023 019
050 049 046
060 059 057
067 066 065
018 016 013
/home/oceane/Documents/Etudes/PR/Dessins3/20190206_191607.jpg
087 084 081
094 090 086
070 066 063
097 095 092
086 084 082
091 086 082
098 095 092
055 051 047
091 088 084
107 106 103
069 066 063
080 078 074
117 116 114
073 071 068
093 087 083
097 093 089
082 079 075
053 049 045
086 083 078
100 098 094
092 090 087
051 047 043
083 081 077
135 135 133
110 108 107
074 072 069
068 065 060
102 101 098
109 108 106
051 048 045
095 087 083
090 085 081
092 089 085
063 059 054
053 048 044
089 085 081
100 097 093
102 101 098
079 076 073
051 047 042
080 077 072
112 110 107
100 098 095
093 091 089
053 050 046
084 081 077
140 140 138
128 127 126
117 116 115
069 066 063
057 053 049
086 083 080
096 094 092
103 101 099
040 037 032
/home/oceane/Documents/Etudes/PR/Dessins3/20190209_234903_01.jpg
234 230 220
229 228 220
239 236 224
233 230 221
234 227 217
237 236 226
213 213 206
249 246 231
239 237 229
212 209 205
251 244 231
239 236 226
223 217 207
240 233 222
250 250 237
214 213 206
231 230 220
249 246 230
251 250 241
200 199 196
222 220 215
252 246 231
246 244 235
213 210 206
216 211 205
248 241 228
240 237 227
233 228 216
232 225 214
238 232 221
253 252 238
225 224 214
219 218 208
247 246 232
249 246 230
251 251 242
196 195 194
201 200 197
239 238 230
252 247 231
253 250 241
228 226 221
200 197 194
247 242 233
252 244 229
247 246 236
212 208 202
201 197 192
236 229 219
244 238 227
242 239 228
236 231 220
233 227 214
237 230 218
238 232 219
/home/oceane/Documents/Etudes/PR/Dessins3/20190209_234903.jpg
178 175 167
181 180 174
184 181 172
174 171 164
172 167 159
191 190 182
164 164 159
192 190 178
189 187 181
160 158 155
191 186 176
177 175 167
161 157 149
174 169 160
204 202 193
166 165 160
177 177 169
193 190 178
202 201 194
154 153 151
170 168 164
195 190 178
192 191 183
159 156 153
163 159 154
186 180 171
177 175 167
167 163 154
166 161 153
171 166 158
208 207 195
177 176 168
169 168 161
190 189 178
193 191 178
205 204 197
151 150 149
153 153 151
183 182 175
195 191 179
204 201 194
174 172 168
152 150 147
189 185 177
193 187 175
191 190 182
158 155 150
149 146 142
176 170 163
180 175 167
178 176 168
169 165 157
165 161 151
169 164 155
171 166 156
/home/oceane/Documents/Etudes/PR/Dessins3/20190209_235151_01.jpg
210 207 199
213 211 205
216 215 206
206 202 195
205 200 190
219 217 211
196 195 191
228 228 218
226 223 216
179 176 172
229 224 213
194 191 185
219 214 203
198 193 183
237 236 227
196 194 191
195 195 189
243 244 232
220 217 211
198 196 192
179 176 173
246 243 231
228 226 218
197 193 188
197 192 185
227 222 211
179 177 172
218 213 203
213 207 196
182 178 168
248 248 237
213 212 206
197 196 191
222 224 214
244 245 232
221 219 213
173 169 170
211 210 205
163 161 159
249 246 235
250 249 238
190 187 183
168 165 162
197 193 187
246 242 227
205 203 198
238 233 223
196 191 185
224 217 207
205 201 192
165 163 159
208 204 195
219 213 202
193 188 178
197 192 181
/home/oceane/Documents/Etudes/PR/Dessins3/20190209_235151.jpg
162 159 154
171 169 165
167 166 159
156 154 148
153 149 142
179 177 172
153 152 149
176 176 168
182 180 174
138 136 133
175 172 164
146 144 140
160 156 148
147 143 135
195 195 188
154 152 150
152 152 148
185 186 177
182 179 174
153 151 149
139 137 134
190 188 178
180 178 172
151 148 143
151 147 142
171 168 159
135 134 130
159 155 147
154 150 141
135 132 125
208 208 199
168 167 163
154 154 150
171 172 165
185 186 176
183 180 175
135 131 132
162 161 157
129 127 126
193 191 182
206 204 196
149 146 143
131 129 126
154 151 146
187 184 173
158 157 153
180 176 169
147 144 139
168 163 155
154 151 144
126 124 121
151 148 141
157 153 144
141 137 129
145 141 132
/home/oceane/Documents/Etudes/PR/Dessins3/20190210_231735_01.jpg
048 046 043
062 060 057
037 035 032
051 050 047
041 040 037
048 045 042
064 064 060
025 024 020
056 055 052
089 089 087
041 039 037
037 036 033
045 044 042
022 021 018
047 044 040
073 072 068
041 040 036
024 023 019
044 043 039
083 083 081
055 054 052
026 023 020
048 047 044
098 098 096
088 088 087
037 036 033
026 025 021
030 029 026
025 024 022
013 011 008
048 044 040
057 054 051
060 060 056
030 029 025
024 022 018
043 041 037
085 084 081
071 071 068
032 030 027
023 021 018
045 044 040
066 065 062
091 091 089
070 070 068
022 020 017
032 030 026
104 104 102
099 099 098
068 068 067
031 030 027
021 019 015
024 022 020
019 017 015
013 012 009
011 009 006
/home/oceane/Documents/Etudes/PR/Dessins3/20190210_231735.jpg
082 080 076
106 103 099
070 068 064
085 083 079
069 067 064
093 088 084
107 105 101
056 053 048
097 095 090
130 131 128
072 069 066
068 065 061
074 073 070
045 042 038
093 086 083
118 116 112
079 077 072
055 051 047
087 083 079
127 127 124
093 091 088
054 051 047
086 084 080
140 141 138
127 128 126
066 063 060
055 051 047
057 055 052
050 047 043
033 030 025
093 086 082
102 098 093
103 101 097
065 062 057
054 050 046
087 082 078
130 129 126
113 113 110
066 062 059
052 048 044
085 083 078
107 106 102
133 133 131
108 107 105
049 045 042
065 062 057
146 146 144
140 141 139
103 103 101
057 054 051
048 044 040
050 047 044
042 039 036
034 031 027
030 027 022
/home/oceane/Documents/Etudes/PR/Dessins3/20190210_233733_01.jpg
222 219 210
209 207 201
216 215 209
235 230 219
229 223 211
221 219 212
204 204 198
226 226 219
213 211 205
207 203 197
203 200 194
239 234 221
248 240 226
239 232 218
240 239 229
194 193 188
206 205 199
242 243 235
218 216 210
183 180 178
186 183 179
231 229 221
213 211 205
228 223 215
225 219 210
199 196 190
250 244 229
248 241 226
247 239 224
244 237 222
252 252 240
204 203 197
197 197 191
211 211 205
250 252 243
238 237 228
159 153 155
222 220 213
170 167 165
251 250 240
223 221 214
199 196 192
200 197 192
188 185 180
205 203 196
220 218 210
229 224 216
247 240 228
225 218 208
226 222 211
252 246 230
249 242 226
248 240 224
247 238 223
245 237 221
/home/oceane/Documents/Etudes/PR/Dessins3/20190210_233733.jpg
176 173 166
173 171 166
174 173 168
182 178 170
174 169 160
187 185 178
162 162 158
184 184 178
174 172 167
162 158 154
161 159 154
185 181 171
188 181 170
178 172 162
205 204 195
155 154 151
165 164 160
197 198 192
186 183 177
145 142 140
148 146 142
186 185 178
170 169 164
179 174 168
175 170 163
155 153 147
193 189 177
187 181 169
184 177 166
181 175 163
217 217 206
165 163 159
157 157 152
171 171 166
203 205 198
206 203 195
127 123 124
176 175 169
137 135 133
203 202 195
184 182 177
156 153 150
156 153 149
148 145 142
163 161 156
175 173 167
179 175 168
192 185 176
174 168 160
173 169 161
195 191 178
188 182 170
184 178 166
182 175 164
180 174 162
/home/oceane/Documents/Etudes/PR/Dessins3/20190218_201334_01.jpg
214 209 198
227 225 215
199 197 188
219 211 199
212 203 190
242 240 230
189 188 180
227 225 213
219 216 208
191 186 178
202 197 188
230 221 206
217 206 193
211 200 186
248 247 236
222 220 208
183 182 174
241 239 224
238 237 228
199 195 188
150 147 144
222 219 209
224 219 209
196 189 181
214 204 193
202 196 186
232 224 208
225 214 199
219 207 192
214 203 187
249 248 237
241 239 225
198 197 187
207 204 194
241 239 224
246 246 237
213 211 203
165 163 158
168 166 161
233 230 218
231 229 220
198 194 188
199 192 184
188 181 173
208 204 195
230 225 212
220 211 200
199 190 181
211 201 190
197 191 180
232 223 207
226 216 200
223 211 196
217 205 189
216 205 188
/home/oceane/Documents/Etudes/PR/Dessins3/20190218_201334.jpg
156 153 144
171 170 162
148 146 139
158 152 143
149 143 133
186 185 177
141 140 134
168 166 157
164 162 156
141 136 131
146 143 136
164 158 146
151 144 133
147 139 128
194 193 184
164 163 153
140 138 133
177 175 164
180 180 173
146 144 138
114 112 110
160 158 150
167 164 156
142 137 131
154 147 138
145 140 133
165 159 146
156 148 137
151 143 131
148 140 128
197 196 188
179 178 167
147 147 139
158 156 148
177 175 164
190 190 182
156 155 149
124 123 119
126 125 121
168 166 157
175 174 167
146 143 139
146 141 135
139 134 128
150 147 140
170 166 156
157 151 142
143 137 129
150 143 134
140 135 127
165 158 146
157 149 137
154 146 134
149 141 128
149 141 128
/home/oceane/Documents/Etudes/PR/Dessins3/20190218_231348_01.jpg
212 207 197
181 180 177
207 205 195
226 220 210
232 222 208
186 184 182
152 152 148
226 224 210
208 207 202
188 183 178
244 238 224
237 231 218
231 222 209
231 221 205
211 210 205
127 125 125
160 159 152
238 236 219
206 205 201
180 179 176
191 189 184
241 238 224
224 221 214
190 185 180
216 208 198
239 231 216
247 240 226
242 233 218
243 232 215
230 219 203
233 232 225
129 126 127
114 113 111
204 203 190
237 236 218
204 204 201
152 151 153
202 201 197
175 174 170
240 237 223
250 249 239
173 169 167
185 181 176
242 235 223
245 239 223
217 214 207
211 206 199
206 199 191
227 218 206
234 225 211
249 242 227
247 237 222
242 232 216
239 228 210
232 221 203
/home/oceane/Documents/Etudes/PR/Dessins3/20190218_231348.jpg
161 158 150
147 146 144
155 153 145
172 168 160
171 163 152
155 154 151
120 119 117
165 164 153
167 166 162
144 141 137
182 176 166
180 175 166
170 163 153
167 160 147
178 177 172
104 102 103
123 122 117
172 171 158
168 167 164
139 137 136
146 144 140
177 175 164
179 176 171
145 141 137
165 159 151
176 170 159
188 183 172
177 170 159
175 168 155
165 157 144
198 198 190
107 105 106
094 093 092
152 151 141
171 170 156
167 167 165
120 118 120
153 153 149
134 134 131
175 173 162
204 203 195
136 133 132
143 139 136
185 179 170
181 176 164
170 168 163
159 155 150
155 150 144
170 163 154
171 164 153
190 185 173
182 175 163
175 167 155
171 163 149
166 157 144
/home/oceane/Documents/Etudes/PR/Dessins3/20190218_231636_01.jpg
219 214 204
212 211 205
221 219 208
221 215 205
222 211 196
214 214 208
214 214 207
235 232 217
205 204 199
190 187 181
228 221 209
238 232 219
223 212 198
223 210 194
225 224 216
214 214 208
212 212 204
244 240 222
209 209 204
198 197 193
190 189 184
239 235 221
233 231 223
175 171 167
204 197 189
222 213 201
238 232 219
238 227 211
232 218 200
229 215 197
240 240 230
213 213 206
216 216 209
227 227 216
244 240 220
212 212 207
173 173 173
211 211 205
186 186 182
240 236 221
238 237 229
166 164 163
210 206 200
224 217 207
240 232 218
236 233 225
205 199 191
202 195 186
200 192 183
217 208 195
237 231 217
241 230 214
234 221 204
232 217 198
228 213 194
/home/oceane/Documents/Etudes/PR/Dessins3/20190218_231636.jpg
163 159 151
167 166 162
163 161 153
165 160 153
157 149 138
174 173 168
160 160 155
174 171 160
162 161 158
141 139 135
165 160 150
177 172 162
158 151 139
156 147 134
187 186 179
162 162 157
158 159 153
180 177 163
169 169 165
149 148 145
141 140 136
173 169 159
180 179 173
133 129 126
149 144 137
159 152 143
177 172 162
169 161 149
162 152 138
159 149 135
203 202 193
163 163 157
162 162 157
170 170 161
180 177 162
174 173 170
132 131 132
156 156 151
139 139 135
175 171 160
192 190 184
127 126 125
155 153 148
164 160 152
172 166 155
180 178 172
154 149 143
146 141 135
145 139 131
154 147 137
177 172 162
172 165 152
164 155 141
161 151 136
158 147 132
/home/oceane/Documents/Etudes/PR/Dessins3/20190218_232453_01.jpg
172 168 161
154 150 149
139 137 131
200 196 186
194 189 176
143 137 138
121 121 122
133 132 123
180 177 174
187 184 178
183 180 170
223 219 205
179 174 163
195 189 175
142 134 134
101 100 103
077 077 078
150 147 134
164 159 157
208 208 203
178 176 171
150 148 141
214 213 205
163 160 156
174 170 163
202 199 186
234 230 215
187 181 168
195 190 177
204 196 180
161 152 151
092 090 094
067 066 070
081 081 078
163 160 143
142 135 135
195 196 193
203 204 200
125 124 124
143 141 134
186 182 178
173 171 168
208 205 197
193 190 182
204 201 187
239 238 227
138 134 130
168 164 157
162 158 151
194 189 177
239 235 218
212 206 190
186 179 166
192 187 174
222 212 192
/home/oceane/Documents/Etudes/PR/Dessins3/20190218_232453.jpg
132 129 124
124 121 120
110 108 104
152 149 142
142 138 129
117 113 113
100 101 101
105 104 097
144 141 138
141 139 135
139 136 129
169 165 155
132 128 120
141 136 126
117 111 111
087 087 089
070 070 071
115 113 103
133 129 128
157 157 153
136 135 131
117 115 110
170 169 163
125 122 118
131 128 122
151 148 138
176 174 162
138 133 123
142 137 128
146 141 128
131 124 122
081 079 083
064 063 066
072 072 070
124 121 108
119 114 113
149 150 148
155 156 152
100 099 099
112 111 105
153 150 146
131 129 127
157 155 149
145 142 136
154 152 142
188 187 179
108 105 102
127 123 118
122 119 114
142 139 130
180 177 164
155 150 138
136 131 121
139 135 125
157 150 135
/home/oceane/Documents/Etudes/PR/Dessins3/20190218_232728_01.jpg
219 214 203
222 222 215
222 219 208
220 214 203
212 201 187
234 234 226
212 212 205
232 229 215
228 227 220
178 176 171
229 222 210
226 219 206
225 213 197
206 194 178
248 248 237
210 210 204
211 211 202
242 239 222
244 243 235
187 185 183
195 193 187
238 233 220
235 231 222
194 190 185
199 192 184
223 214 201
219 213 200
233 221 204
217 204 187
207 194 177
251 251 240
221 221 213
208 209 202
222 221 209
243 239 221
247 247 238
193 193 192
209 208 202
200 199 193
240 236 221
245 243 234
197 195 191
169 167 163
212 207 198
236 229 215
241 237 225
214 208 198
217 208 198
201 192 181
218 208 194
213 208 195
231 220 203
228 215 196
201 188 172
214 199 180
/home/oceane/Documents/Etudes/PR/Dessins3/20190218_232728.jpg
162 158 150
174 173 168
163 161 152
161 157 148
149 142 131
188 188 181
157 157 152
171 169 158
176 175 170
132 130 127
164 159 149
165 160 150
158 149 137
144 136 124
203 202 193
159 159 154
158 158 151
178 176 163
194 193 187
139 138 137
142 141 136
172 168 158
180 177 170
142 139 135
144 139 133
157 151 141
160 155 145
163 155 142
152 142 129
144 135 122
209 208 199
170 170 164
156 157 151
167 166 157
179 176 162
200 200 193
146 146 145
152 152 147
145 145 141
174 171 159
193 192 185
147 146 143
127 125 122
154 150 143
168 162 151
182 179 170
156 151 143
154 148 140
143 137 129
153 146 135
156 152 142
162 155 142
158 149 134
141 132 120
148 137 122
/home/oceane/Documents/Etudes/PR/Dessins3/20190221_221336_01.jpg
219 214 205
226 224 216
207 205 196
222 214 204
223 213 202
241 240 230
206 206 199
220 218 207
225 222 215
174 170 168
226 218 208
230 222 209
221 211 200
231 219 206
249 248 237
220 220 212
209 208 200
230 228 214
245 242 233
189 187 184
161 159 158
230 224 213
216 212 205
198 193 187
197 191 185
236 225 213
238 229 215
235 224 211
225 214 202
233 222 208
249 248 236
240 240 230
230 229 219
205 204 194
239 237 221
251 249 239
203 201 197
162 161 161
184 183 179
239 233 221
225 221 215
201 198 194
163 160 159
197 193 187
235 225 214
220 215 207
223 216 207
192 186 180
210 202 192
239 228 214
240 230 215
239 228 213
237 225 211
230 219 206
233 221 207
/home/oceane/Documents/Etudes/PR/Dessins3/20190221_221336.jpg
164 160 153
178 176 170
155 153 146
164 158 150
160 153 145
192 191 183
158 157 152
163 161 153
175 172 167
134 131 129
166 160 152
168 161 152
159 152 143
163 155 145
200 199 190
170 170 164
158 158 151
169 167 157
194 192 185
146 144 142
124 123 122
169 164 156
166 162 157
149 145 141
149 144 139
169 162 152
173 165 155
167 159 149
160 152 143
163 155 144
202 201 191
187 187 179
177 176 169
155 154 146
174 173 161
201 199 191
158 156 153
124 123 123
137 136 134
175 171 162
176 174 169
153 151 148
127 125 124
149 146 141
169 163 153
167 163 156
165 160 153
144 139 134
155 149 142
171 163 152
173 166 154
169 161 150
167 159 148
162 154 144
162 154 143
/home/oceane/Documents/Etudes/PR/Dessins3/20190221_221548_01.jpg
071 068 065
084 080 077
065 062 059
070 068 065
063 061 058
086 081 078
085 082 078
056 052 049
065 061 058
092 092 089
042 039 036
074 073 070
072 070 068
062 060 057
088 083 080
083 079 076
070 067 064
053 049 046
075 070 067
091 090 087
089 089 086
045 041 038
066 062 060
079 077 075
079 078 076
045 042 039
072 070 068
065 062 060
069 067 065
058 055 053
090 084 081
086 081 078
075 071 067
061 057 053
053 049 046
081 076 073
083 081 077
101 100 098
075 074 071
049 045 042
060 055 052
075 073 070
104 103 101
063 061 059
034 030 027
072 070 067
087 085 083
095 094 093
072 070 068
057 054 052
067 065 062
056 053 051
059 056 054
060 058 056
049 045 042
/home/oceane/Documents/Etudes/PR/Dessins3/20190221_221548.jpg
098 094 091
116 111 107
094 090 087
096 094 091
086 083 080
118 112 108
115 111 108
086 082 078
097 092 088
119 117 115
069 065 062
099 097 094
095 093 090
084 081 078
120 113 110
115 110 106
102 098 095
084 079 075
108 101 098
120 118 115
116 115 113
074 069 066
095 091 088
105 103 100
103 102 100
069 065 062
097 094 092
088 085 083
091 089 086
080 076 073
121 114 111
118 112 108
108 103 099
094 089 085
083 078 074
114 107 104
115 111 107
127 126 124
104 102 099
078 073 070
094 086 083
105 102 099
129 128 126
090 088 085
061 056 052
099 096 093
112 110 108
118 117 115
095 093 090
079 076 074
092 089 086
080 077 074
082 079 076
082 079 077
071 066 062
/home/oceane/Documents/Etudes/PR/Dessins3/20190222_020325_01.jpg
221 216 207
216 215 209
229 226 217
213 205 196
226 217 205
241 240 230
212 212 206
246 243 231
201 198 193
179 176 172
234 227 216
216 208 198
235 224 211
224 214 202
250 249 238
222 222 215
239 238 228
246 243 231
224 223 216
168 167 166
190 187 184
241 236 225
193 189 185
201 194 188
225 217 207
226 218 208
218 209 198
239 228 215
232 222 209
219 209 196
253 252 239
228 227 220
226 226 218
250 247 235
245 242 230
242 241 232
192 192 189
184 184 182
233 230 221
242 238 227
219 216 208
170 167 165
167 164 162
214 209 201
235 227 215
172 169 166
240 230 220
215 206 196
235 226 214
223 214 203
220 212 200
242 231 217
230 220 207
230 219 206
217 207 194
/home/oceane/Documents/Etudes/PR/Dessins3/20190222_020325.jpg
167 163 156
171 170 165
175 173 166
158 153 146
165 158 149
193 192 185
164 164 159
189 187 177
157 154 151
138 136 133
174 169 161
159 153 145
171 163 153
161 154 144
204 203 194
171 171 165
186 185 177
188 186 176
178 177 171
131 130 129
147 145 142
180 176 168
149 146 142
153 148 143
170 164 157
166 160 152
159 153 145
172 164 154
167 160 150
156 149 139
208 207 197
177 176 170
174 174 168
196 194 185
187 185 175
193 193 186
149 149 147
140 140 138
179 177 170
181 178 169
173 170 164
132 130 129
130 128 126
164 160 154
173 167 158
131 128 126
179 172 164
161 155 148
174 167 158
162 155 147
160 154 146
173 165 155
165 158 148
164 156 146
154 147 137
/home/oceane/Documents/Etudes/PR/Dessins3/20190222_211732_01.jpg
205 200 191
193 191 187
197 195 188
219 213 202
210 202 189
209 207 200
188 187 184
209 207 196
184 181 178
181 180 177
185 182 174
241 233 218
227 217 203
218 207 192
239 238 226
170 167 165
193 192 186
229 226 212
188 186 182
174 173 174
185 185 182
180 178 171
225 221 212
176 172 169
188 184 178
197 191 181
240 233 217
238 227 211
232 220 204
223 211 194
252 251 236
192 189 184
180 178 173
201 199 189
244 242 225
213 212 206
135 134 138
203 204 201
155 156 155
196 195 185
212 209 201
148 147 149
188 186 182
174 171 165
193 188 178
242 237 226
213 207 198
196 191 183
199 193 185
212 204 192
238 231 214
241 231 214
235 223 207
232 219 202
225 212 194
/home/oceane/Documents/Etudes/PR/Dessins3/20190222_211732.jpg
153 150 143
151 150 146
148 147 141
163 159 150
151 144 135
168 166 161
142 142 139
158 157 148
144 142 140
136 135 133
138 135 129
178 173 161
162 155 144
153 146 134
194 192 183
132 129 128
147 147 142
172 171 160
148 147 144
131 130 131
138 138 135
135 133 127
174 171 164
133 130 128
140 137 132
144 139 132
178 172 160
170 162 150
163 154 142
155 147 134
206 204 193
149 147 143
138 136 133
155 154 146
184 182 169
168 167 163
106 105 108
150 151 149
118 118 118
145 144 136
168 165 159
114 113 114
141 140 137
132 130 126
143 139 132
184 181 172
159 155 148
145 141 135
145 141 134
152 146 137
176 170 157
173 166 153
165 157 144
162 153 139
156 147 132
/home/oceane/Documents/Etudes/PR/Dessins3/20190222_211943_01.jpg
217 214 205
245 243 232
220 219 212
204 198 190
200 195 186
253 251 239
247 245 233
228 228 220
211 208 201
217 213 206
186 184 180
217 210 200
194 188 179
203 196 186
253 252 240
251 249 236
245 242 230
236 237 229
248 245 234
228 226 218
217 215 208
180 180 179
210 206 199
183 179 174
199 194 186
199 196 189
228 220 208
194 187 179
184 178 170
218 210 198
254 253 240
252 250 238
251 248 235
248 246 233
248 249 239
252 250 239
250 246 235
235 233 223
221 220 213
188 189 187
238 235 224
175 173 172
216 212 205
171 169 166
197 195 190
218 213 204
166 164 161
203 197 188
173 169 163
204 200 192
234 226 212
196 190 181
218 210 199
194 186 176
226 217 204
/home/oceane/Documents/Etudes/PR/Dessins3/20190222_211943.jpg
166 163 157
195 193 184
169 169 163
153 149 143
148 143 137
204 203 193
193 191 182
177 177 171
166 163 158
164 161 155
141 140 137
161 156 148
142 138 131
147 142 134
208 206 197
198 197 187
191 190 180
185 186 180
198 195 186
175 173 167
163 162 157
137 137 136
163 160 154
139 136 133
150 146 140
149 147 142
169 163 153
141 137 130
135 131 124
156 150 141
210 209 198
201 199 190
198 196 185
196 194 184
195 196 189
203 201 192
195 192 183
180 178 171
166 165 160
142 143 142
189 186 177
135 133 132
163 160 155
131 129 127
149 147 144
168 163 156
126 123 122
152 147 141
131 128 124
151 148 142
174 168 157
143 138 132
157 151 142
140 135 127
161 154 144
/home/oceane/Documents/Etudes/PR/Dessins3/20190222_215500_01.jpg
076 074 071
113 111 108
088 086 083
058 055 052
045 043 040
110 107 103
118 117 114
083 081 077
104 102 099
103 102 100
059 056 053
039 035 032
045 043 040
025 022 019
102 098 094
118 117 113
112 111 107
082 080 076
126 125 122
106 105 102
109 109 106
050 047 043
079 076 073
089 088 085
084 084 082
048 046 043
033 028 025
033 030 027
030 027 024
019 016 012
095 090 086
113 110 106
117 116 112
096 095 090
077 075 071
126 125 122
111 111 108
113 113 110
112 112 110
058 055 052
112 110 108
100 099 096
106 106 103
095 094 092
037 033 030
052 047 044
079 077 074
079 078 075
066 065 063
034 031 028
031 025 022
028 025 021
028 026 022
021 018 015
017 015 011
/home/oceane/Documents/Etudes/PR/Dessins3/20190222_215500.jpg
100 098 094
138 136 132
114 112 108
082 079 075
066 064 060
136 132 128
142 141 137
110 108 103
128 126 123
126 126 123
083 081 077
064 058 055
067 064 061
045 041 037
129 125 120
143 140 136
136 135 131
109 107 102
149 148 145
131 130 127
132 132 129
078 074 070
104 100 097
113 112 108
107 106 104
070 067 064
057 051 047
056 052 048
051 047 043
038 034 029
124 118 113
138 135 130
141 139 135
123 121 116
104 102 097
150 148 145
136 136 132
137 137 134
136 136 133
086 083 079
136 134 131
125 124 121
129 129 126
117 117 114
062 058 055
078 072 069
102 100 097
101 100 097
088 086 084
054 051 048
055 048 045
051 047 043
050 046 042
041 037 033
036 032 028
/home/oceane/Documents/Etudes/PR/Dessins3/20190225_004909_01.jpg
222 217 208
227 225 218
223 220 212
226 217 207
214 205 196
247 246 237
221 220 213
239 237 227
216 212 206
198 193 188
193 188 182
238 227 214
228 218 206
220 210 198
250 249 239
234 234 225
226 226 218
244 242 230
238 234 226
186 183 180
206 202 197
214 210 203
226 220 211
201 194 189
203 196 189
191 184 178
240 228 215
236 225 211
236 224 211
228 217 204
250 250 240
244 244 234
223 224 216
238 238 227
246 243 232
252 249 239
217 215 208
212 210 205
200 198 193
239 235 225
223 219 212
161 158 158
201 195 190
176 171 168
217 211 202
241 232 220
223 214 206
224 214 205
206 198 190
194 187 179
240 229 215
235 224 210
236 225 211
232 221 207
230 219 205
/home/oceane/Documents/Etudes/PR/Dessins3/20190225_004909.jpg
165 161 154
175 174 168
167 165 159
163 157 149
154 147 140
194 193 186
165 164 159
180 178 170
165 162 157
147 143 140
145 141 136
170 163 153
162 155 146
155 148 139
198 197 190
176 176 169
169 169 162
185 183 174
186 183 177
141 138 136
154 151 147
162 159 153
169 164 157
147 142 138
149 143 139
140 136 131
171 163 152
166 158 148
166 158 148
159 151 141
199 199 191
186 187 179
167 167 161
179 178 170
186 184 175
200 197 190
166 163 159
157 155 151
150 148 144
180 178 170
171 168 163
123 120 121
149 145 141
133 129 127
161 156 150
178 171 162
162 155 148
162 155 148
150 143 138
141 136 130
171 163 152
164 157 146
166 158 147
162 154 143
160 152 141
/home/oceane/Documents/Etudes/PR/Dessins3/20190225_005336_01.jpg
224 219 211
228 227 219
230 229 220
211 205 197
225 217 207
247 247 236
196 196 192
247 246 235
221 217 211
204 201 196
239 233 223
218 210 200
208 201 191
234 224 212
250 250 240
220 221 213
212 213 207
246 246 235
248 245 235
192 191 188
216 214 208
247 243 233
214 211 203
181 179 175
196 192 186
241 233 221
235 226 214
214 205 195
227 217 206
237 226 213
251 251 240
233 234 224
211 212 207
230 231 222
245 246 235
252 250 240
211 209 203
169 168 168
240 237 228
248 244 234
242 238 229
203 200 196
210 207 201
226 222 215
247 240 228
225 220 210
146 144 144
187 183 179
204 199 191
244 234 222
241 231 217
225 215 203
230 220 207
237 226 213
235 225 211
/home/oceane/Documents/Etudes/PR/Dessins3/20190225_005336.jpg
168 165 158
177 176 170
176 175 168
156 152 145
164 158 149
195 195 187
148 148 145
189 189 180
171 168 163
155 152 149
179 174 167
159 154 146
151 145 138
167 160 150
200 200 192
166 166 160
163 163 159
188 188 180
196 193 186
145 144 142
166 163 159
188 185 176
164 161 156
138 135 133
147 145 140
177 171 162
170 163 154
153 147 139
162 155 146
168 160 149
203 202 194
178 179 172
157 158 154
178 179 173
188 188 180
202 200 192
159 158 153
128 127 127
184 182 175
189 186 178
189 186 179
153 151 147
160 157 153
170 167 161
184 180 170
170 166 158
112 111 111
140 137 134
151 147 141
177 170 160
174 167 156
160 153 143
164 156 146
167 159 149
166 158 147
/home/oceane/Documents/Etudes/PR/Dessins3/20190303_234240_01.jpg
229 223 213
220 217 211
234 230 220
224 215 205
239 228 214
243 241 230
214 213 207
248 245 233
210 206 200
192 187 183
247 237 224
238 228 214
230 219 207
240 228 214
253 251 239
225 223 215
233 231 222
248 245 233
224 221 215
177 175 173
205 202 196
249 242 230
229 223 213
192 186 181
232 223 212
247 236 222
243 232 218
230 219 206
238 227 213
237 225 211
254 252 240
242 239 228
222 222 215
242 239 229
248 245 234
236 234 226
186 184 183
191 190 186
232 228 219
248 243 231
241 237 226
181 178 176
183 178 175
237 229 218
250 239 226
237 229 217
204 196 188
212 203 195
240 229 217
245 233 219
244 234 219
236 225 211
240 228 214
238 227 212
235 224 209
/home/oceane/Documents/Etudes/PR/Dessins3/20190303_234240.jpg
172 168 160
173 171 165
179 176 168
165 159 151
173 165 155
195 192 184
163 163 158
190 188 178
163 160 155
145 141 139
185 178 168
174 166 156
166 158 149
171 163 151
206 203 194
173 172 165
180 178 171
190 188 178
177 174 169
135 133 132
157 154 150
188 183 173
176 170 163
144 139 136
173 166 158
182 174 163
176 169 158
165 157 147
170 162 151
167 159 148
209 206 197
189 187 178
170 169 164
187 185 177
190 188 179
188 186 179
142 141 140
145 144 142
177 175 168
187 184 174
191 187 179
136 133 132
140 136 134
179 172 165
186 179 168
180 174 165
151 145 140
158 152 145
176 169 159
177 169 158
177 170 158
168 160 149
170 162 151
169 160 149
165 157 145
/home/oceane/Documents/Etudes/PR/Dessins3/20190307_211007_01.jpg
229 221 211
221 218 211
234 227 216
226 216 206
234 222 209
231 229 221
219 217 209
246 240 227
221 215 209
208 199 192
243 231 219
219 209 198
239 227 213
233 220 206
237 236 227
227 226 217
228 226 217
244 240 226
232 227 219
188 184 181
215 206 199
248 237 224
222 215 208
218 208 201
230 218 208
236 224 212
232 221 208
231 219 206
237 224 210
233 219 204
244 242 232
234 233 224
221 220 212
245 242 230
243 240 226
242 238 229
195 192 190
190 186 183
248 239 228
248 237 225
225 219 213
219 211 205
179 171 168
235 224 214
246 234 221
219 212 204
194 186 180
241 229 218
238 227 215
233 222 209
237 226 211
235 223 209
237 225 210
234 221 206
232 217 202
/home/oceane/Documents/Etudes/PR/Dessins3/20190307_211007.jpg
169 163 155
170 168 162
175 170 162
163 156 148
167 158 148
179 178 172
165 163 158
183 179 169
167 162 158
157 150 145
177 169 160
157 150 141
170 162 151
164 154 144
186 185 178
171 170 164
173 171 164
181 178 167
181 177 171
143 139 137
163 157 151
183 174 165
163 158 153
162 154 148
169 161 153
169 161 152
165 157 147
164 156 146
167 158 147
162 152 141
193 192 184
177 176 170
167 166 160
185 183 173
180 178 166
191 188 180
147 145 143
144 141 138
187 181 172
183 175 165
171 166 161
163 157 153
138 132 129
174 166 158
178 170 160
160 155 149
143 137 133
176 167 159
172 164 155
166 158 148
169 160 149
166 157 146
167 159 147
164 154 143
161 150 139
/home/oceane/Documents/Etudes/PR/Dessins3/20190310_171147_01.jpg
240 235 224
232 230 222
240 237 226
247 239 228
243 232 221
248 246 234
222 222 216
250 247 233
240 236 227
213 209 205
245 238 225
251 241 228
247 237 227
249 235 222
252 250 237
237 236 227
239 238 227
251 248 233
244 242 232
193 192 191
221 218 213
250 244 230
250 244 232
239 232 224
226 219 213
250 239 225
252 242 228
248 238 227
247 236 225
248 234 220
254 252 237
247 245 234
236 236 227
248 246 232
251 249 233
249 247 236
209 208 204
193 193 194
236 233 224
249 245 231
248 244 233
226 221 216
209 205 202
231 225 216
252 243 229
252 245 233
245 238 228
243 236 228
240 231 220
251 240 225
252 242 228
249 238 225
246 236 226
248 235 222
248 233 219
/home/oceane/Documents/Etudes/PR/Dessins3/20190310_171147.jpg
185 180 172
182 181 175
186 184 175
189 182 173
181 173 164
199 197 188
172 171 167
195 193 182
190 186 179
161 158 155
188 181 172
191 184 174
183 176 168
183 173 163
206 204 193
184 183 177
187 186 178
197 195 183
194 192 184
146 145 145
170 168 163
191 187 176
199 193 184
181 175 169
172 166 161
189 182 171
192 184 173
184 176 167
182 173 165
181 170 160
209 207 195
193 192 184
184 184 177
196 194 183
198 196 184
199 197 188
160 159 156
146 146 147
182 180 173
191 189 177
200 195 187
172 169 164
158 155 153
178 173 166
193 185 174
200 193 183
187 181 173
183 177 171
182 174 166
188 180 169
192 184 173
185 176 166
180 173 165
182 171 162
180 168 158
/home/oceane/Documents/Etudes/PR/Dessins3/20190310_232209_01.jpg
237 232 221
242 240 230
238 235 226
238 230 217
231 221 209
254 253 240
213 211 206
252 249 236
251 247 236
230 225 217
249 242 230
242 233 219
201 192 183
244 233 219
254 253 240
231 230 222
231 229 220
253 249 237
253 251 239
229 226 220
221 218 213
249 245 235
246 242 229
240 232 222
217 209 202
252 242 228
251 241 225
215 205 194
209 200 189
244 233 218
254 254 239
249 248 237
225 223 216
246 243 231
253 249 237
254 253 241
244 241 232
186 185 184
225 222 215
250 246 236
253 250 238
249 244 235
235 230 222
243 237 228
250 243 231
248 243 229
225 216 207
205 197 189
233 223 212
251 241 226
252 241 224
241 230 216
190 181 172
227 217 204
243 232 217
/home/oceane/Documents/Etudes/PR/Dessins3/20190310_232209.jpg
185 181 172
196 194 187
187 185 177
186 178 168
173 165 156
212 210 200
168 167 162
200 197 188
203 198 189
178 174 168
191 186 177
187 179 168
151 144 137
180 172 161
215 213 202
186 184 178
184 182 175
201 198 188
206 203 195
179 177 172
171 169 165
192 189 181
202 195 185
188 181 172
165 159 153
193 185 174
192 184 172
160 152 144
156 148 140
178 169 158
216 214 202
205 203 195
177 176 171
197 195 186
201 199 188
210 208 199
195 192 186
143 142 142
178 175 170
194 191 183
207 202 193
197 192 184
182 177 171
187 182 175
191 185 175
202 195 184
176 168 160
157 150 144
178 170 162
189 182 171
193 184 171
178 170 159
142 135 128
167 159 149
176 167 156
/home/oceane/Documents/Etudes/PR/Dessins3/20190311_092257_01.jpg
235 231 221
240 240 233
238 238 229
237 229 218
225 215 204
247 249 240
242 244 235
249 251 240
239 237 229
169 167 166
229 225 216
250 240 227
243 232 218
246 233 218
250 251 242
244 245 236
248 249 239
250 252 240
246 246 238
218 218 213
207 207 203
247 245 235
252 247 237
198 194 189
166 161 159
240 232 220
251 241 227
247 236 222
248 235 219
247 233 217
252 253 244
246 248 238
244 245 235
250 252 240
250 252 240
247 248 241
231 232 227
229 230 224
237 238 229
247 248 238
253 251 241
198 195 192
169 167 166
177 175 173
249 244 231
253 246 235
227 220 212
227 219 209
198 191 183
249 239 225
251 240 226
248 236 222
248 235 220
248 233 216
246 232 215
/home/oceane/Documents/Etudes/PR/Dessins3/20190311_092257_1.jpg
235 231 221
240 240 233
238 238 229
237 229 218
225 215 204
247 249 240
242 244 235
249 251 240
239 237 229
169 167 166
229 225 216
250 240 227
243 232 218
246 233 218
250 251 242
244 245 236
248 249 239
250 252 240
246 246 238
218 218 213
207 207 203
247 245 235
252 247 237
198 194 189
166 161 159
240 232 220
251 241 227
247 236 222
248 235 219
247 233 217
252 253 244
246 248 238
244 245 235
250 252 240
250 252 240
247 248 241
231 232 227
229 230 224
237 238 229
247 248 238
253 251 241
198 195 192
169 167 166
177 175 173
249 244 231
253 246 235
227 220 212
227 219 209
198 191 183
249 239 225
251 240 226
248 236 222
248 235 220
248 233 216
246 232 215
/home/oceane/Documents/Etudes/PR/Dessins3/20190311_092257.jpg
182 179 172
191 192 186
188 188 181
182 176 167
169 161 152
201 203 196
190 191 184
199 200 192
190 188 182
133 131 131
177 174 166
189 182 172
181 173 162
180 171 159
208 209 201
191 193 185
198 200 191
200 202 193
198 198 192
168 168 165
161 161 158
191 190 182
199 195 187
155 152 148
131 127 126
182 176 167
189 181 170
183 174 163
182 172 160
179 169 156
212 213 205
195 196 188
192 193 185
203 205 195
201 202 193
201 202 196
178 179 175
176 177 173
187 187 181
192 193 185
205 203 195
155 153 151
133 131 130
139 137 136
191 187 178
197 192 183
175 170 164
176 169 162
152 147 141
186 179 168
188 180 169
183 174 164
182 172 161
180 169 156
178 168 155
